# omegabh2 omegach2 theta binw1 binw2 binw3 binw4 alpha_JLA beta_JLA
  5.6213970E-06   7.8048922E-06   1.3115899E-05   3.1993569E-05   1.1926121E-06   2.3837165E-04   1.6511980E-04   2.8096109E-07  -6.6159502E-06
  7.8048922E-06   1.3056333E-04   3.0560751E-05  -3.0069895E-04   5.6947080E-06  -1.9737655E-03  -4.6850212E-03  -8.8460480E-07   4.5567112E-05
  1.3115899E-05   3.0560751E-05   5.6955659E-05   7.9179712E-05  -2.3612959E-05   4.4879192E-04   1.5212675E-03   4.6974963E-07  -3.3210248E-05
  3.1993569E-05  -3.0069895E-04   7.9179712E-05   2.1557903E-02  -1.6587681E-02   1.0676311E-02   2.4739794E-02  -8.6365354E-05  -1.4412807E-03
  1.1926121E-06   5.6947080E-06  -2.3612959E-05  -1.6587681E-02   3.7419855E-02  -1.9512807E-02  -2.0427831E-02   8.0327158E-05   6.5455245E-04
  2.3837165E-04  -1.9737655E-03   4.4879192E-04   1.0676311E-02  -1.9512807E-02   1.3960722E-01   1.0506487E-01  -1.4228410E-05  -1.8881774E-03
  1.6511980E-04  -4.6850212E-03   1.5212675E-03   2.4739794E-02  -2.0427831E-02   1.0506487E-01   4.3053485E-01  -5.3979455E-05  -3.5002989E-03
  2.8096109E-07  -8.8460480E-07   4.6974963E-07  -8.6365354E-05   8.0327158E-05  -1.4228410E-05  -5.3979455E-05   4.3872564E-05  -8.9274828E-06
 -6.6159502E-06   4.5567112E-05  -3.3210248E-05  -1.4412807E-03   6.5455245E-04  -1.8881774E-03  -3.5002989E-03  -8.9274828E-06   6.6653344E-03
