  1.0000000E+00  -2.5533608E-01  -5.6115364E-02  -7.0154591E-02   1.7751507E-01   2.0358562E-01   1.0569705E-01   1.9884607E-01  -7.0466064E-02  -8.0628510E-02  -9.8313976E-02  -1.7037394E-01  -2.7787725E-02   1.7954451E-01   2.0017169E-01   2.6299820E-01   4.3983547E-01   2.0969810E-01   4.0987187E-01   1.2004475E-01  -5.6581463E-02   3.2655030E-03  -8.4619081E-03   1.0761764E-01  -1.0761764E-01  -1.4918350E-01  -1.2566999E-01  -3.3238139E-01  -3.0878203E-01  -3.2358442E-01  -3.4843320E-01  -2.9202655E-01  -1.8419756E-01   4.1125541E-01   1.2608162E-01   1.7948369E-01   3.0621266E-01   1.7815523E-01   2.5124936E-01   3.3056897E-01   1.2004475E-01   9.9974635E-01   9.9974621E-01  -9.9864108E-01  -3.4818321E-01  -8.8437430E-01  -6.8501026E-02  -9.5016417E-02  -5.6031303E-02   9.5879784E-01  -2.0635561E-01   4.6853572E-01  -9.1870881E-01  -1.4918351E-01  -1.4818701E-01   2.1558302E-01   1.8123673E-01  -1.1525014E-01  -1.1399453E-01  -2.1614086E-01  -2.5944875E-01  -2.7728492E-01  -3.2076067E-01   2.3694668E-02  -1.0906999E-01   1.3116378E-01   2.2259568E-01  -2.0133882E-01  -8.3459517E-02   1.4482435E-01
 -2.5533608E-01   1.0000000E+00  -3.1327812E-01   2.5164216E-01   3.3657446E-01   2.5358036E-01  -1.8872793E-01  -3.6314055E-01   6.3888933E-02   1.3389007E-01   2.4489365E-02  -8.8225474E-02  -5.4384467E-01  -7.3220825E-01  -5.4866007E-01  -3.8008535E-01  -5.9252807E-01  -5.4579281E-01  -2.6513467E-01  -3.4915925E-02  -1.6526759E-02  -5.9756800E-03   1.8496803E-01  -5.9426206E-01   5.9426206E-01   9.9412476E-01   8.9182886E-01   9.2928680E-01   9.6966379E-01   9.6342233E-01   9.4905923E-01   8.9733069E-01   3.1936318E-01  -2.6467185E-01  -2.8278788E-01  -4.6948326E-01  -6.0518169E-01  -4.2209354E-01  -3.8414641E-01  -3.0083696E-01  -3.4915925E-02  -2.5568470E-01  -2.5568939E-01   2.5805572E-01  -6.4893143E-01   6.7117790E-01  -9.3678839E-01  -3.0613617E-01  -9.2791931E-01   2.6554908E-02  -8.8326034E-01   7.2498453E-01  -3.6833006E-02   9.9412476E-01   9.9336800E-01  -9.9628369E-01  -9.9417697E-01  -1.0285975E-01   4.3990642E-01  -6.3491215E-01   2.6516008E-03   9.3010689E-01   9.1520233E-01   5.3255167E-02   1.2502121E-01  -8.9274801E-02  -4.5866497E-02   1.7567158E-01   2.3148372E-01   1.5547368E-02
 -5.6115364E-02  -3.1327812E-01   1.0000000E+00  -2.8212850E-01  -1.7821292E-02  -3.5425667E-02  -1.7302038E-01   2.5155271E-01   3.4555712E-01   2.4800964E-02  -1.9522557E-01  -2.1023214E-01   8.6713173E-02   2.6745997E-01   4.3973442E-01   3.9722939E-01   2.2463227E-01   2.2833377E-02   2.6696315E-01  -1.4843064E-01   2.6931250E-02  -9.6640114E-03  -1.3528524E-01   1.3898070E-01  -1.3898070E-01  -3.2667472E-01  -3.2146416E-01  -3.8526470E-01  -3.6498588E-01  -3.7880124E-01  -3.8542026E-01  -3.3782980E-01  -2.7554267E-01   2.6661551E-01   3.1207641E-01   3.9805631E-01   3.7588414E-01   3.3738391E-01   2.9158322E-01   2.3634229E-01  -1.4843064E-01  -6.1931194E-02  -6.1930817E-02   7.0182274E-02   4.1964656E-02  -9.3655412E-02   3.3476723E-01   9.9884565E-01   1.8332317E-01  -1.5095862E-01   3.3718185E-01  -3.2297482E-01   4.0237678E-01  -3.2667472E-01  -3.2465545E-01   3.7447808E-01   3.8108635E-01   1.7645901E-02  -2.9404867E-01   1.7073386E-01  -1.7402930E-01  -3.3618128E-01  -3.8304154E-01   1.4020067E-01   9.2824206E-02  -5.7867241E-02   2.1644630E-01  -1.5767689E-01  -6.9997637E-03   7.9261762E-02
 -7.0154591E-02   2.5164216E-01  -2.8212850E-01   1.0000000E+00   5.8451104E-02   9.5956980E-02  -9.5020720E-03  -2.9936020E-01  -1.5862739E-01  -2.1711928E-02   2.5296064E-01   2.5868981E-01  -3.0069772E-02  -2.9894262E-01  -3.5390763E-01  -2.2606065E-01  -9.4310684E-02  -2.2009600E-01  -1.1033713E-01   2.0362641E-01   4.6995787E-03   3.3075500E-04   9.9087836E-02  -1.0537150E-01   1.0537150E-01   2.4950303E-01   2.4812965E-01   3.1790728E-01   2.9663629E-01   3.1017352E-01   3.1684607E-01   2.4489294E-01   9.8937242E-01  -1.0992585E-01  -9.9103641E-01  -8.2733984E-01  -8.8081887E-01  -9.6934723E-01  -9.4375535E-01  -9.0920436E-01   2.0362641E-01  -7.0100587E-02  -7.0100903E-02   6.8485222E-02  -1.3167110E-01   1.6223712E-01  -2.1450134E-01  -2.7583509E-01  -1.7818013E-01  -4.7199791E-03  -2.0063704E-01   1.6281945E-01  -5.6755547E-02   2.4950300E-01   2.4476101E-01  -2.6167804E-01  -2.6166353E-01   1.5575971E-01   3.5963644E-01  -1.3163994E-01   2.6327149E-01   2.4120455E-01   3.1881279E-01   1.8141660E-01  -5.3753953E-02   5.1014835E-02  -2.0040795E-01   1.1396072E-01  -1.9875096E-02  -8.8364110E-02
  1.7751507E-01   3.3657446E-01  -1.7821292E-02   5.8451104E-02   1.0000000E+00   8.6988525E-01  -3.6208590E-01  -3.5697786E-01   3.5091936E-01   2.9766563E-01  -9.1314909E-02  -3.5657462E-01  -3.5646568E-01  -2.0048222E-01  -3.0937108E-04   1.3790284E-01  -6.1173500E-02  -3.3096702E-01  -1.4297729E-01  -3.4228166E-03  -7.6805862E-02  -1.5117369E-02  -4.5173647E-01  -6.3893350E-01   6.3893350E-01   3.6409099E-01   9.5580847E-02   1.6275920E-01   3.4949270E-01   2.6819982E-01   2.4990730E-01   2.8687106E-01   5.0642840E-02  -1.4297219E-01  -7.7905868E-02  -1.2971807E-01  -1.5910213E-01  -1.2306890E-01  -9.2439005E-02  -3.7544771E-02  -3.4228166E-03   1.8138881E-01   1.8139133E-01  -1.8473144E-01  -4.0600231E-01   1.6210430E-02  -3.9640715E-01  -2.5383404E-02  -4.1067313E-01   2.8178882E-01  -4.1397114E-01   4.2786186E-01  -2.4515830E-01   3.6409104E-01   3.6317177E-01  -3.3684936E-01  -3.4506691E-01  -1.2610679E-01   4.6716637E-02  -3.3961694E-01  -1.8575708E-01   2.2182330E-01   1.5476366E-01   3.2818662E-01  -4.1088108E-02  -1.4636411E-01   1.8728030E-01   2.3860176E-03   6.4350752E-02   7.7464798E-02
  2.0358562E-01   2.5358036E-01  -3.5425667E-02   9.5956980E-02   8.6988525E-01   1.0000000E+00  -2.6321671E-01  -4.3674835E-01   3.0989982E-01   3.1883793E-01  -4.9268731E-02  -3.6535578E-01  -3.8026445E-01  -2.0886553E-01   4.1744564E-02   1.6990206E-01   1.7468381E-02  -2.7948916E-01  -1.2947920E-01   7.0490732E-02  -9.4378975E-02  -1.9115332E-02  -5.3528000E-01  -6.4845002E-01   6.4845002E-01   2.8213072E-01  -9.0863625E-03   7.1918870E-02   2.7785338E-01   1.8666931E-01   1.6874702E-01   1.8679565E-01   8.2055112E-02  -1.2962689E-01  -1.1249579E-01  -1.5920595E-01  -1.6269458E-01  -1.3744248E-01  -1.0077883E-01  -4.7902427E-02   7.0490732E-02   2.0726832E-01   2.0726845E-01  -2.0944354E-01  -3.1593292E-01  -4.3036738E-02  -3.1822299E-01  -4.3527942E-02  -3.2593290E-01   2.8374293E-01  -3.4077206E-01   3.6950590E-01  -2.5669957E-01   2.8213079E-01   2.8113954E-01  -2.5370777E-01  -2.6252563E-01  -1.2488015E-01  -1.1845451E-03  -2.8811345E-01  -1.9869915E-01   1.3725638E-01   6.4067997E-02   3.6155445E-01  -4.5635220E-02  -1.1079040E-01   1.7098521E-01  -2.8128161E-02   3.1981985E-03   6.6572540E-02
  1.0569705E-01  -1.8872793E-01  -1.7302038E-01  -9.5020720E-03  -3.6208590E-01  -2.6321671E-01   1.0000000E+00   3.4304475E-01  -5.8898162E-01  -5.2138263E-01  -1.7716671E-01   2.9104541E-01   7.3213256E-02  -2.2340451E-02   2.8762942E-02   6.2210182E-02   2.0738192E-01   4.0447548E-01   1.4492373E-01   2.2766773E-01  -3.5055667E-02  -7.2967597E-02   4.3560128E-03   1.3897405E-01  -1.3897405E-01  -1.8118104E-01  -1.4542887E-01  -1.4332177E-01  -1.6679803E-01  -1.5809564E-01  -1.5219953E-01  -2.1630768E-01  -2.4317359E-02   1.4546724E-01   2.1990371E-02  -3.6158019E-02   5.5652457E-02   6.6570762E-02   9.4081416E-02   9.9981652E-02   2.2766773E-01   1.0189967E-01   1.0189681E-01  -9.8794630E-02   1.6234188E-01  -1.6632632E-01   1.5527385E-01  -1.7629148E-01   1.9166807E-01   5.2580186E-02   1.3835532E-01  -9.5433511E-02  -1.0806072E-01  -1.8118093E-01  -1.8060881E-01   1.7114013E-01   1.6829297E-01  -3.6991439E-02  -1.9750467E-01   6.0209289E-02  -1.5154317E-01  -1.1269118E-01  -1.3827004E-01  -3.5064668E-01  -3.2428914E-02   4.1509797E-01   1.2694585E-01  -1.1709938E-01   6.0788865E-02   2.6690418E-01
  1.9884607E-01  -3.6314055E-01   2.5155271E-01  -2.9936020E-01  -3.5697786E-01  -4.3674835E-01   3.4304475E-01   1.0000000E+00  -1.9506871E-01  -5.7707928E-01  -4.3924289E-01   8.9984753E-02   3.3401056E-01   3.1169120E-01   2.4537688E-01   2.5698647E-01   3.8115609E-01   4.2302481E-01   4.6381647E-01  -7.6552987E-02  -2.3237171E-02  -5.6507421E-02   2.2396867E-02   2.8359677E-01  -2.8359677E-01  -3.4912637E-01  -2.7121317E-01  -3.5131764E-01  -3.8953400E-01  -3.7657600E-01  -3.7591715E-01  -3.2906790E-01  -3.2451181E-01   4.6411700E-01   3.5139223E-01   3.9483853E-01   4.3698360E-01   3.8575543E-01   3.7040015E-01   3.4310028E-01  -7.6552987E-02   1.9380143E-01   1.9379917E-01  -1.8928907E-01   1.5262898E-01  -3.1355163E-01   2.9227608E-01   2.4243260E-01   2.6549602E-01   1.0034305E-01   2.5985321E-01  -1.8138802E-01  -4.6330262E-02  -3.4912630E-01  -3.4648601E-01   3.5787475E-01   3.5426772E-01  -1.7738340E-01  -3.9670617E-01   1.9731312E-01  -2.5321043E-01  -2.8761549E-01  -3.4745314E-01  -3.9290955E-01   1.5298891E-01   1.4707501E-01   2.3798610E-01  -2.0358949E-01   9.8000459E-02   1.8936410E-01
 -7.0466064E-02   6.3888933E-02   3.4555712E-01  -1.5862739E-01   3.5091936E-01   3.0989982E-01  -5.8898162E-01  -1.9506871E-01   1.0000000E+00   4.5740287E-01  -2.1296646E-01  -5.3047596E-01  -1.5269072E-01   7.8504602E-02   1.8949727E-01   1.2366715E-01  -2.8807096E-02  -2.6797353E-01  -1.4014863E-01  -2.6273674E-01  -3.8331513E-03   6.7280789E-03  -3.1897738E-01  -3.0118659E-01   3.0118659E-01   5.7451075E-02  -9.4795538E-02  -6.1262015E-02   5.0346068E-02  -1.7838543E-04  -9.6124184E-03   8.4422593E-02  -1.3732095E-01  -1.4070398E-01   1.3441551E-01   1.9114798E-01   1.1583194E-01   9.9212893E-02   6.2496373E-02   4.2040147E-02  -2.6273674E-01  -6.6835687E-02  -6.6832535E-02   6.3897486E-02  -1.0508985E-01   8.1274747E-02  -4.2579282E-02   3.4686863E-01  -1.0241015E-01  -5.1927294E-02  -3.2614134E-02   1.0162407E-02   1.4532487E-01   5.7451068E-02   5.7590468E-02  -4.1425032E-02  -3.8307156E-02  -4.3334965E-02  -1.0702701E-01  -7.6327680E-02  -1.5967744E-01  -1.1309203E-02  -6.4297384E-02   2.3632361E-01   7.6753279E-02  -4.8782786E-01   1.2279876E-01  -1.7361494E-01  -5.8501101E-02  -2.4067138E-01
 -8.0628510E-02   1.3389007E-01   2.4800964E-02  -2.1711928E-02   2.9766563E-01   3.1883793E-01  -5.2138263E-01  -5.7707928E-01   4.5740287E-01   1.0000000E+00   4.6409989E-01  -4.2832267E-01  -3.5868818E-01  -7.2603278E-02  -2.1372988E-02  -1.1142547E-01  -2.6459176E-01  -4.1891780E-01  -3.1347697E-01  -7.5138528E-02  -2.8182119E-02   5.7281839E-02  -3.0219404E-01  -3.4086163E-01   3.4086163E-01   1.2790430E-01  -3.1825818E-02   6.5417007E-02   1.7183892E-01   1.2498609E-01   1.2164779E-01   1.6324531E-01  -4.7644673E-03  -3.1380222E-01  -1.7396794E-02  -3.5861801E-02  -5.9514973E-02  -4.5027703E-02  -5.3778927E-02  -4.9227390E-02  -7.5138528E-02  -7.6495079E-02  -7.6495285E-02   7.2072618E-02  -9.0709592E-02   1.1429133E-01  -9.3151550E-02   2.9997538E-02  -1.0272193E-01  -4.5665091E-02  -8.1106705E-02   5.1603759E-02   5.7514882E-02   1.2790421E-01   1.2453242E-01  -1.2004652E-01  -1.1871584E-01   2.8411899E-01   3.6115519E-01  -1.1364905E-01   2.7498740E-01   1.3028708E-03   6.6009245E-02   3.6039141E-01   1.2653572E-02  -5.4666045E-01  -2.0746583E-01   1.5056173E-01  -2.6444895E-01  -3.9027135E-01
 -9.8313976E-02   2.4489365E-02  -1.9522557E-01   2.5296064E-01  -9.1314909E-02  -4.9268731E-02  -1.7716671E-01  -4.3924289E-01  -2.1296646E-01   4.6409989E-01   1.0000000E+00   2.3844487E-01  -1.3759823E-01  -1.7760133E-01  -3.3341315E-01  -3.4219468E-01  -2.0460234E-01  -1.1010898E-01  -1.6852129E-01   1.7816532E-01  -2.6170709E-03   3.7287703E-02  -6.4213827E-02  -6.6181437E-02   6.6181437E-02   1.4039112E-02  -2.0121618E-02   5.6707702E-02   7.2492975E-02   6.5838726E-02   7.2107719E-02   1.3268877E-02   2.5299947E-01  -1.6831569E-01  -2.6213334E-01  -2.7711248E-01  -2.4849571E-01  -2.4144121E-01  -2.2454417E-01  -2.1611265E-01   1.7816532E-01  -9.8031019E-02  -9.8031017E-02   9.5928169E-02   1.1676145E-01   8.0365165E-02   2.1409850E-02  -1.8870402E-01   5.3606078E-02  -9.7064396E-02   3.4347133E-02  -5.8405621E-02   3.8334581E-02   1.4039035E-02   1.1210049E-02  -2.4517259E-02  -2.2467901E-02   4.6856052E-01   6.9606403E-01   8.7637683E-02   7.4176420E-01  -1.2222885E-01   5.6227682E-02   2.3957258E-01   7.0246375E-02  -3.1100568E-01  -5.4808290E-01   4.5202701E-01  -1.8061431E-01  -3.9103213E-01
 -1.7037394E-01  -8.8225474E-02  -2.1023214E-01   2.5868981E-01  -3.5657462E-01  -3.6535578E-01   2.9104541E-01   8.9984753E-02  -5.3047596E-01  -4.2832267E-01   2.3844487E-01   1.0000000E+00   4.6948691E-01  -1.4235070E-01  -4.3899402E-01  -3.4570780E-01  -1.8095934E-03   3.2277131E-01  -1.3039628E-02   3.1747790E-01   2.4844045E-02  -5.4074787E-02   8.1949938E-02   1.4340472E-01  -1.4340472E-01  -1.0930276E-01  -5.5478668E-02  -1.2141068E-02  -5.7468752E-02  -3.7561241E-02  -2.5394447E-02  -1.5499341E-01   2.5213332E-01  -1.2891701E-02  -2.4779387E-01  -2.8692060E-01  -2.3138092E-01  -1.9906965E-01  -1.7388100E-01  -1.7817499E-01   3.1747790E-01  -1.7226665E-01  -1.7226389E-01   1.7178612E-01   3.0217038E-01   9.2047598E-02   1.4087439E-01  -2.0321399E-01   1.8124574E-01  -2.0052314E-01   1.6189237E-01  -1.9589251E-01   1.2178811E-01  -1.0930281E-01  -1.0843664E-01   8.0596718E-02   8.6402025E-02   1.4007350E-01   4.2501142E-01   3.6384413E-01   6.6546874E-01  -1.5927484E-01  -2.4028018E-02  -9.4617975E-02   1.3864379E-01   3.7481196E-02  -5.1448006E-01   4.4747606E-01   1.9434300E-01  -1.7148304E-01
 -2.7787725E-02  -5.4384467E-01   8.6713173E-02  -3.0069772E-02  -3.5646568E-01  -3.8026445E-01   7.3213256E-02   3.3401056E-01  -1.5269072E-01  -3.5868818E-01  -1.3759823E-01   4.6948691E-01   1.0000000E+00   5.8640429E-01   4.9187033E-02  -6.2790687E-02   1.6113751E-01   3.4627967E-01   1.1005145E-01  -3.1365818E-02   3.8363526E-02  -3.1607416E-02   3.1308559E-02   4.4027406E-01  -4.4027406E-01  -5.5930620E-01  -4.4480987E-01  -4.5434115E-01  -5.2467383E-01  -4.9907434E-01  -4.8265058E-01  -4.4539566E-01  -7.0683533E-02   1.0953688E-01   4.8571753E-02   2.0383234E-01   2.3594524E-01   1.2346003E-01   8.3317394E-02   1.7893757E-02  -3.1365818E-02  -2.6859942E-02  -2.6854985E-02   2.3610289E-02   3.9724179E-01  -2.3404334E-01   5.4924832E-01   8.7685637E-02   5.5981656E-01  -1.8269739E-01   5.4256340E-01  -4.9701074E-01   1.4873129E-01  -5.5930625E-01  -5.5616272E-01   5.3550183E-01   5.4071887E-01   5.6636343E-02  -6.3472760E-02   5.4624988E-01   3.0855165E-01  -5.2906650E-01  -4.5305126E-01  -1.9037920E-02  -2.2709687E-02   4.3449876E-02  -2.4562780E-01   6.7653555E-02  -3.4694729E-02  -1.5180945E-01
  1.7954451E-01  -7.3220825E-01   2.6745997E-01  -2.9894262E-01  -2.0048222E-01  -2.0886553E-01  -2.2340451E-02   3.1169120E-01   7.8504602E-02  -7.2603278E-02  -1.7760133E-01  -1.4235070E-01   5.8640429E-01   1.0000000E+00   5.9264376E-01   2.7489980E-01   2.4934593E-01   2.0581155E-01   1.5599085E-01  -3.0879569E-01   2.7112273E-02   4.1045010E-02  -7.4851529E-02   4.8377387E-01  -4.8377387E-01  -7.2873633E-01  -6.2830134E-01  -6.7080607E-01  -7.1998567E-01  -7.0647141E-01  -6.9408635E-01  -5.2734978E-01  -3.4766250E-01   1.5532143E-01   3.1070439E-01   5.4912115E-01   5.7412465E-01   3.7915739E-01   3.0526991E-01   2.2028465E-01  -3.0879569E-01   1.8006997E-01   1.8007633E-01  -1.8196870E-01   3.5431255E-01  -4.8577974E-01   6.8341923E-01   2.6227703E-01   6.7088564E-01  -2.6582391E-02   6.4549051E-01  -5.3170010E-01   4.1636212E-02  -7.2873644E-01  -7.2781300E-01   7.2276148E-01   7.2229015E-01  -4.5404349E-02  -4.7154814E-01   4.7354902E-01  -1.4194674E-01  -6.4469837E-01  -6.5875568E-01   4.3873614E-02  -1.4351300E-01   4.6310129E-02   1.4534089E-01  -2.0222690E-01  -2.0254899E-01   3.0195982E-02
  2.0017169E-01  -5.4866007E-01   4.3973442E-01  -3.5390763E-01  -3.0937108E-04   4.1744564E-02   2.8762942E-02   2.4537688E-01   1.8949727E-01  -2.1372988E-02  -3.3341315E-01  -4.3899402E-01   4.9187033E-02   5.9264376E-01   1.0000000E+00   7.9376065E-01   4.4742277E-01   5.1112510E-02   2.3239931E-01  -3.5364994E-01   1.6331605E-02   2.5654282E-02  -2.3125267E-01   2.1495128E-01  -2.1495128E-01  -5.3871049E-01  -5.4185941E-01  -5.6952035E-01  -5.4726283E-01  -5.6432293E-01  -5.6130822E-01  -3.9149672E-01  -3.8530839E-01   2.3207044E-01   3.7156803E-01   5.5993245E-01   5.6014282E-01   4.0667674E-01   3.3872446E-01   2.7093225E-01  -3.5364994E-01   1.9679561E-01   1.9679959E-01  -1.9221449E-01   2.4667660E-01  -4.1282906E-01   4.9916859E-01   4.3421067E-01   4.4944678E-01   4.2503519E-02   4.6267795E-01  -3.6287973E-01   4.4281347E-02  -5.3871047E-01  -5.4018256E-01   5.5036529E-01   5.4844322E-01  -3.4649693E-01  -7.4384405E-01   3.5055301E-01  -4.9146070E-01  -4.4107187E-01  -5.6638984E-01   4.5088270E-02  -5.8987840E-02   3.1623708E-02   4.2523395E-01  -2.2015043E-01  -2.4936703E-01   2.5787500E-01
  2.6299820E-01  -3.8008535E-01   3.9722939E-01  -2.2606065E-01   1.3790284E-01   1.6990206E-01   6.2210182E-02   2.5698647E-01   1.2366715E-01  -1.1142547E-01  -3.4219468E-01  -3.4570780E-01  -6.2790687E-02   2.7489980E-01   7.9376065E-01   1.0000000E+00   6.5826903E-01   3.4051600E-03   4.0995143E-01  -1.1981697E-01  -4.3030492E-03  -1.3612898E-02  -2.5565667E-01   6.4307092E-02  -6.4307092E-02  -3.5927391E-01  -4.0454368E-01  -4.0753933E-01  -3.6406574E-01  -3.8833246E-01  -3.8724151E-01  -2.9221161E-01  -2.5856147E-01   4.1011400E-01   2.6964563E-01   3.4308174E-01   3.8319208E-01   3.0223149E-01   2.8034031E-01   2.5691147E-01  -1.1981697E-01   2.5822230E-01   2.5822373E-01  -2.5148027E-01   1.0299513E-01  -3.8184199E-01   3.1094195E-01   3.8967034E-01   2.6001231E-01   1.5385623E-01   2.6966903E-01  -1.7098933E-01  -5.7619562E-02  -3.5927383E-01  -3.6214127E-01   3.7674634E-01   3.7158990E-01  -3.3690655E-01  -6.0874110E-01   2.0890090E-01  -4.5408025E-01  -2.8849673E-01  -4.0541899E-01   6.7379085E-03  -1.5896132E-03   6.6172299E-02   4.0159821E-01  -1.7775659E-01  -8.6085762E-02   2.8361314E-01
  4.3983547E-01  -5.9252807E-01   2.2463227E-01  -9.4310684E-02  -6.1173500E-02   1.7468381E-02   2.0738192E-01   3.8115609E-01  -2.8807096E-02  -2.6459176E-01  -2.0460234E-01  -1.8095934E-03   1.6113751E-01   2.4934593E-01   4.4742277E-01   6.5826903E-01   1.0000000E+00   5.1834905E-01   5.0728391E-01   2.0558871E-01  -2.5582842E-02  -4.5136019E-02  -2.6229905E-01   2.0590542E-01  -2.0590542E-01  -5.5674419E-01  -5.6917801E-01  -6.0803944E-01  -5.7615708E-01  -5.9785164E-01  -5.9684105E-01  -6.0518318E-01  -1.6516174E-01   5.0722458E-01   1.5947551E-01   2.1705691E-01   3.5296542E-01   2.5918749E-01   2.8219190E-01   2.7473403E-01   2.0558871E-01   4.3810599E-01   4.3810701E-01  -4.3696945E-01   3.1442690E-01  -6.1788584E-01   4.5969991E-01   2.0937039E-01   4.4526787E-01   2.8007219E-01   3.9026087E-01  -2.2806291E-01  -2.4193698E-01  -5.5674412E-01  -5.5688921E-01   5.7330472E-01   5.6257852E-01  -2.2936063E-01  -4.5460023E-01   3.5944752E-01  -2.0186534E-01  -5.4483852E-01  -6.0610137E-01  -1.1834986E-01   1.2963577E-02   3.8302096E-02   2.1438498E-01  -1.0853502E-01  -9.2961748E-02   1.4721749E-01
  2.0969810E-01  -5.4579281E-01   2.2833377E-02  -2.2009600E-01  -3.3096702E-01  -2.7948916E-01   4.0447548E-01   4.2302481E-01  -2.6797353E-01  -4.1891780E-01  -1.1010898E-01   3.2277131E-01   3.4627967E-01   2.0581155E-01   5.1112510E-02   3.4051600E-03   5.1834905E-01   1.0000000E+00   2.3616598E-01   1.8904130E-01  -1.5019080E-02  -4.2840265E-02  -8.7704196E-02   3.2561579E-01  -3.2561579E-01  -5.3471187E-01  -4.7566893E-01  -5.3902201E-01  -5.5698033E-01  -5.5585308E-01  -5.5287736E-01  -6.0815286E-01  -2.5885026E-01   2.3577679E-01   2.4624050E-01   2.6054579E-01   3.8200469E-01   3.3561086E-01   3.4769356E-01   3.1854862E-01   1.8904130E-01   2.1168403E-01   2.1168628E-01  -2.1654734E-01   4.9709630E-01  -4.1764741E-01   4.7430484E-01   1.4210250E-02   4.9319552E-01   6.3250755E-02   4.3567998E-01  -3.3237601E-01  -9.7450901E-02  -5.3471184E-01  -5.3136371E-01   5.2984196E-01   5.2617242E-01  -1.0780605E-01  -2.7854920E-01   4.2373954E-01   1.4252822E-02  -5.2469690E-01  -5.4127897E-01  -2.8188092E-01   5.7047681E-02   1.1544326E-01   2.0147927E-02  -2.9707033E-03  -1.9257210E-02   8.2775575E-02
  4.0987187E-01  -2.6513467E-01   2.6696315E-01  -1.1033713E-01  -1.4297729E-01  -1.2947920E-01   1.4492373E-01   4.6381647E-01  -1.4014863E-01  -3.1347697E-01  -1.6852129E-01  -1.3039628E-02   1.1005145E-01   1.5599085E-01   2.3239931E-01   4.0995143E-01   5.0728391E-01   2.3616598E-01   1.0000000E+00   1.3874356E-01   9.8182609E-04  -4.0568365E-02   4.3339648E-02   2.0986739E-01  -2.0986739E-01  -2.2526997E-01  -1.6239184E-01  -2.4837110E-01  -2.7627228E-01  -2.6672887E-01  -2.6999624E-01  -2.6797882E-01  -1.5040419E-01   9.9998872E-01   2.3558116E-01   2.1297093E-01   3.0227244E-01   2.7923268E-01   3.1227005E-01   3.3683105E-01   1.3874356E-01   4.0526039E-01   4.0525927E-01  -4.0055214E-01  -3.2616580E-02  -4.3493186E-01   1.3501258E-01   2.5075343E-01   9.9493841E-02   3.4340551E-01   7.6448351E-02   4.6939648E-02  -2.6079664E-01  -2.2527002E-01  -2.2478812E-01   2.5910078E-01   2.4745085E-01  -1.4383879E-01  -2.3412770E-01   6.3542136E-02  -1.8371637E-01  -2.0367912E-01  -2.4197474E-01  -1.8292720E-01   6.4072785E-03   1.2986778E-01   1.6918846E-01  -9.4551567E-02  -1.4043173E-02   1.6473824E-01
  1.2004475E-01  -3.4915925E-02  -1.4843064E-01   2.0362641E-01  -3.4228166E-03   7.0490732E-02   2.2766773E-01  -7.6552987E-02  -2.6273674E-01  -7.5138528E-02   1.7816532E-01   3.1747790E-01  -3.1365818E-02  -3.0879569E-01  -3.5364994E-01  -1.1981697E-01   2.0558871E-01   1.8904130E-01   1.3874356E-01   1.0000000E+00  -4.0547727E-02  -2.2161486E-02  -1.2171387E-01  -7.8458341E-02   7.8458341E-02  -2.2269971E-02  -6.9548750E-02   7.8576602E-03   3.7743654E-02   2.4341981E-02   2.7533614E-02  -3.0157882E-01   1.9680211E-01   1.3859751E-01  -1.8373347E-01  -5.5587771E-01  -2.8970368E-01  -9.2124934E-02   4.9738246E-02   1.3703115E-01   1.0000000E+00   1.2152571E-01   1.2152494E-01  -1.2337809E-01   1.3978355E-01  -1.1547222E-01   1.4673075E-02  -1.5084363E-01   3.9614792E-02   1.1146255E-01  -2.8643802E-03   3.8518152E-02  -1.4364915E-01  -2.2269953E-02  -2.4613041E-02   4.2362514E-02   3.6475435E-02   4.4770292E-02   1.7594457E-01   8.0170444E-02   2.2560188E-01  -3.7127732E-02   3.8706051E-03  -1.1823925E-01   1.2143436E-02   1.8871970E-03  -1.8796014E-01   1.6761194E-01   1.3664266E-01  -7.0398900E-02
 -5.6581463E-02  -1.6526759E-02   2.6931250E-02   4.6995787E-03  -7.6805862E-02  -9.4378975E-02  -3.5055667E-02  -2.3237171E-02  -3.8331513E-03  -2.8182119E-02  -2.6170709E-03   2.4844045E-02   3.8363526E-02   2.7112273E-02   1.6331605E-02  -4.3030492E-03  -2.5582842E-02  -1.5019080E-02   9.8182609E-04  -4.0547727E-02   1.0000000E+00  -7.7659104E-02   1.1146090E-01   1.0819020E-01  -1.0819020E-01  -2.3236689E-02   3.0837092E-02   1.0766560E-02  -2.7217019E-02  -1.0119127E-02  -7.8915393E-03  -4.6662122E-03   9.9174135E-03   8.1702545E-04  -4.4750198E-03   1.8869989E-02   3.5483281E-03  -4.5266005E-03  -1.4647677E-02  -2.5105706E-02  -4.0547727E-02  -5.6546994E-02  -5.6545299E-02   5.6278284E-02   2.2376721E-02   3.6517802E-02   3.2548375E-02   2.8562018E-02   2.9287771E-02  -6.2437029E-02   3.9822760E-02  -5.1593587E-02   6.3378298E-02  -2.3236615E-02  -2.2533469E-02   1.9935254E-02   2.2210224E-02   1.8589781E-02  -1.3626116E-02   1.9239438E-02  -2.5102474E-05   6.4750859E-03   1.2458984E-02  -2.4621403E-03  -4.0401514E-02   4.5338579E-02  -1.8510393E-02  -1.6720731E-02   6.5223100E-03  -3.6934727E-03
  3.2655030E-03  -5.9756800E-03  -9.6640114E-03   3.3075500E-04  -1.5117369E-02  -1.9115332E-02  -7.2967597E-02  -5.6507421E-02   6.7280789E-03   5.7281839E-02   3.7287703E-02  -5.4074787E-02  -3.1607416E-02   4.1045010E-02   2.5654282E-02  -1.3612898E-02  -4.5136019E-02  -4.2840265E-02  -4.0568365E-02  -2.2161486E-02  -7.7659104E-02   1.0000000E+00   6.5031590E-02   5.7850353E-02  -5.7850353E-02  -5.7456912E-03   2.4985913E-02   1.5509450E-02  -6.9240218E-03   3.2955828E-03   4.4665017E-03   1.0135411E-02  -1.1783156E-03  -4.0533296E-02  -4.4831448E-03   3.1088251E-03   1.9643235E-03  -6.2465336E-03  -9.6801946E-03  -1.1198742E-02  -2.2161486E-02   3.3491468E-03   3.3490665E-03  -3.1820901E-03  -3.3578584E-03  -6.6868110E-03   9.2647214E-03  -8.9515296E-03   1.1214333E-02   6.1897886E-04   8.5524520E-03  -7.4371562E-03  -2.8870416E-03  -5.7457698E-03  -6.7300923E-03   5.8508477E-03   5.5403565E-03   9.5722030E-03  -1.4324046E-02  -8.5662703E-03  -2.0073793E-02   1.6269430E-02   1.7638175E-02   1.7732970E-02   3.6763111E-03   2.1613033E-02   3.3595330E-02  -1.3839469E-02  -1.3019961E-02   3.3242892E-02
 -8.4619081E-03   1.8496803E-01  -1.3528524E-01   9.9087836E-02  -4.5173647E-01  -5.3528000E-01   4.3560128E-03   2.2396867E-02  -3.1897738E-01  -3.0219404E-01  -6.4213827E-02   8.1949938E-02   3.1308559E-02  -7.4851529E-02  -2.3125267E-01  -2.5565667E-01  -2.6229905E-01  -8.7704196E-02   4.3339648E-02  -1.2171387E-01   1.1146090E-01   6.5031590E-02   1.0000000E+00   6.7592426E-01  -6.7592426E-01   1.8822157E-01   6.0070796E-01   3.8530161E-01   9.3042724E-02   2.2856992E-01   2.3336763E-01   2.3021036E-01   9.9060733E-02   4.3878786E-02  -8.6171853E-02  -4.1798080E-02  -1.0211760E-01  -1.1622711E-01  -1.2124211E-01  -1.1020436E-01  -1.2171387E-01  -9.2977429E-03  -9.2999802E-03   1.1748712E-02  -3.5324442E-01   1.0478976E-01  -2.0460785E-01  -1.3840678E-01  -1.9028973E-01   4.9049444E-02  -1.9932067E-01   1.7558020E-01  -6.7651776E-02   1.8822143E-01   1.9212617E-01  -1.9332881E-01  -1.9430628E-01   2.9804668E-01   1.0495407E-01  -4.4882425E-01  -1.9958983E-01   3.6781332E-01   4.1424693E-01  -2.2909713E-01  -2.9951724E-01   6.4536876E-01   1.0996372E-01  -3.6138876E-01   1.1393684E-01   2.2529086E-01
  1.0761764E-01  -5.9426206E-01   1.3898070E-01  -1.0537150E-01  -6.3893350E-01  -6.4845002E-01   1.3897405E-01   2.8359677E-01  -3.0118659E-01  -3.4086163E-01  -6.6181437E-02   1.4340472E-01   4.4027406E-01   4.8377387E-01   2.1495128E-01   6.4307092E-02   2.0590542E-01   3.2561579E-01   2.0986739E-01  -7.8458341E-02   1.0819020E-01   5.7850353E-02   6.7592426E-01   1.0000000E+00  -1.0000000E+00  -5.9570959E-01  -1.8186554E-01  -3.6817945E-01  -6.4055200E-01  -5.2343554E-01  -5.0629193E-01  -4.7489760E-01  -1.4798473E-01   2.0985302E-01   1.3586182E-01   3.0820678E-01   3.5410595E-01   2.1390519E-01   1.7525806E-01   1.1446391E-01  -7.8458341E-02   1.0715396E-01   1.0715567E-01  -1.0702103E-01   2.3498150E-01  -3.5721923E-01   5.5701745E-01   1.3426990E-01   5.6009884E-01  -5.8285239E-02   5.3149288E-01  -4.5082823E-01   4.9134293E-02  -5.9570971E-01  -5.9224941E-01   5.8812172E-01   5.8849043E-01   3.3523044E-01  -2.4383458E-01   1.3356739E-01  -1.4835338E-01  -3.8704395E-01  -3.3433900E-01  -2.3771569E-01  -3.4423498E-01   5.8478931E-01   1.0737107E-01  -4.2080111E-01  -7.4688135E-02   1.5572793E-01
 -1.0761764E-01   5.9426206E-01  -1.3898070E-01   1.0537150E-01   6.3893350E-01   6.4845002E-01  -1.3897405E-01  -2.8359677E-01   3.0118659E-01   3.4086163E-01   6.6181437E-02  -1.4340472E-01  -4.4027406E-01  -4.8377387E-01  -2.1495128E-01  -6.4307092E-02  -2.0590542E-01  -3.2561579E-01  -2.0986739E-01   7.8458341E-02  -1.0819020E-01  -5.7850353E-02  -6.7592426E-01  -1.0000000E+00   1.0000000E+00   5.9570959E-01   1.8186554E-01   3.6817945E-01   6.4055200E-01   5.2343554E-01   5.0629193E-01   4.7489760E-01   1.4798473E-01  -2.0985302E-01  -1.3586182E-01  -3.0820678E-01  -3.5410595E-01  -2.1390519E-01  -1.7525806E-01  -1.1446391E-01   7.8458341E-02  -1.0715396E-01  -1.0715567E-01   1.0702103E-01  -2.3498150E-01   3.5721923E-01  -5.5701745E-01  -1.3426990E-01  -5.6009884E-01   5.8285239E-02  -5.3149288E-01   4.5082823E-01  -4.9134293E-02   5.9570971E-01   5.9224941E-01  -5.8812172E-01  -5.8849043E-01  -3.3523044E-01   2.4383458E-01  -1.3356739E-01   1.4835338E-01   3.8704395E-01   3.3433900E-01   2.3771569E-01   3.4423498E-01  -5.8478931E-01  -1.0737107E-01   4.2080111E-01   7.4688135E-02  -1.5572793E-01
 -1.4918350E-01   9.9412476E-01  -3.2667472E-01   2.4950303E-01   3.6409099E-01   2.8213072E-01  -1.8118104E-01  -3.4912637E-01   5.7451075E-02   1.2790430E-01   1.4039112E-02  -1.0930276E-01  -5.5930620E-01  -7.2873633E-01  -5.3871049E-01  -3.5927391E-01  -5.5674419E-01  -5.3471187E-01  -2.2526997E-01  -2.2269971E-02  -2.3236689E-02  -5.7456912E-03   1.8822157E-01  -5.9570959E-01   5.9570959E-01   1.0000000E+00   8.9801344E-01   9.1318036E-01   9.5711622E-01   9.4907591E-01   9.3160477E-01   8.8501637E-01   3.0599473E-01  -2.2464175E-01  -2.7509494E-01  -4.6005159E-01  -5.8464435E-01  -4.1173453E-01  -3.6474269E-01  -2.7066137E-01  -2.2269971E-02  -1.4956843E-01  -1.4957324E-01   1.5211705E-01  -7.0264840E-01   5.8741353E-01  -9.6573162E-01  -3.2372561E-01  -9.5526514E-01   1.3449659E-01  -9.2642094E-01   7.9390208E-01  -1.4052006E-01   1.0000000E+00   9.9933762E-01  -9.9477446E-01  -9.9646501E-01  -1.1809790E-01   4.3713488E-01  -6.7352841E-01  -2.6333886E-02   9.2018719E-01   9.0007701E-01   5.7117145E-02   1.1564991E-01  -7.6618082E-02  -2.1988197E-02   1.5712077E-01   2.2739725E-01   3.2113782E-02
 -1.2566999E-01   8.9182886E-01  -3.2146416E-01   2.4812965E-01   9.5580847E-02  -9.0863625E-03  -1.4542887E-01  -2.7121317E-01  -9.4795538E-02  -3.1825818E-02  -2.0121618E-02  -5.5478668E-02  -4.4480987E-01  -6.2830134E-01  -5.4185941E-01  -4.0454368E-01  -5.6917801E-01  -4.7566893E-01  -1.6239184E-01  -6.9548750E-02   3.0837092E-02   2.4985913E-02   6.0070796E-01  -1.8186554E-01   1.8186554E-01   8.9801344E-01   1.0000000E+00   9.1605019E-01   8.2061861E-01   8.7492837E-01   8.6285349E-01   8.2226865E-01   2.9430868E-01  -1.6163221E-01  -2.6299551E-01  -3.9490348E-01  -5.2259452E-01  -3.8740433E-01  -3.5104872E-01  -2.6933112E-01  -6.9548750E-02  -1.2636417E-01  -1.2636911E-01   1.2952606E-01  -7.3053875E-01   5.2519705E-01  -8.7705319E-01  -3.2041708E-01  -8.6294154E-01   1.3085521E-01  -8.4263839E-01   7.2411036E-01  -1.4273292E-01   8.9801338E-01   8.9916760E-01  -8.9565846E-01  -8.9744844E-01   3.7816274E-02   3.9981881E-01  -7.5099828E-01  -1.1500456E-01   9.1482026E-01   9.1847288E-01  -5.6728398E-02  -4.0027119E-02   2.2841666E-01   3.5559614E-02  -3.7312427E-02   2.3756945E-01   1.2980592E-01
 -3.3238139E-01   9.2928680E-01  -3.8526470E-01   3.1790728E-01   1.6275920E-01   7.1918870E-02  -1.4332177E-01  -3.5131764E-01  -6.1262015E-02   6.5417007E-02   5.6707702E-02  -1.2141068E-02  -4.5434115E-01  -6.7080607E-01  -5.6952035E-01  -4.0753933E-01  -6.0803944E-01  -5.3902201E-01  -2.4837110E-01   7.8576602E-03   1.0766560E-02   1.5509450E-02   3.8530161E-01  -3.6817945E-01   3.6817945E-01   9.1318036E-01   9.1605019E-01   1.0000000E+00   9.4954027E-01   9.8486147E-01   9.8714654E-01   9.2537502E-01   3.8866287E-01  -2.4800195E-01  -3.4694536E-01  -5.6419776E-01  -6.6308778E-01  -4.7919215E-01  -4.4719227E-01  -3.6965662E-01   7.8576602E-03  -3.3248685E-01  -3.3248959E-01   3.3413544E-01  -5.7131432E-01   6.8114684E-01  -8.0864216E-01  -3.6846153E-01  -7.8353033E-01  -8.2387542E-02  -7.4687028E-01   5.7971312E-01   3.7069705E-02   9.1318033E-01   9.0447052E-01  -9.3312647E-01  -9.2830466E-01   5.2817073E-02   4.4550498E-01  -6.1866612E-01   1.9739609E-02   9.7114201E-01   9.9844799E-01  -1.5056288E-02   2.7072927E-02   8.3181082E-02  -7.0049366E-02   8.6309832E-02   2.3061174E-01   3.2459803E-02
 -3.0878203E-01   9.6966379E-01  -3.6498588E-01   2.9663629E-01   3.4949270E-01   2.7785338E-01  -1.6679803E-01  -3.8953400E-01   5.0346068E-02   1.7183892E-01   7.2492975E-02  -5.7468752E-02  -5.2467383E-01  -7.1998567E-01  -5.4726283E-01  -3.6406574E-01  -5.7615708E-01  -5.5698033E-01  -2.7627228E-01   3.7743654E-02  -2.7217019E-02  -6.9240218E-03   9.3042724E-02  -6.4055200E-01   6.4055200E-01   9.5711622E-01   8.2061861E-01   9.4954027E-01   1.0000000E+00   9.8953167E-01   9.8515894E-01   9.2149123E-01   3.6935209E-01  -2.7595765E-01  -3.3088496E-01  -5.6939244E-01  -6.6626106E-01  -4.6599612E-01  -4.2558627E-01  -3.4048627E-01   3.7743654E-02  -3.0871584E-01  -3.0871877E-01   3.1008417E-01  -5.5459554E-01   6.8301759E-01  -8.5937511E-01  -3.4988212E-01  -8.3979941E-01  -4.5404921E-02  -7.9996679E-01   6.3491535E-01   1.1649617E-02   9.5711623E-01   9.4911530E-01  -9.7014093E-01  -9.6638468E-01  -6.8181690E-02   4.5452679E-01  -5.5876296E-01   6.8724109E-02   9.3173823E-01   9.3671211E-01   6.6041518E-02   1.3388554E-01  -1.2959074E-01  -9.9104171E-02   2.1440464E-01   2.1570251E-01  -3.0350162E-02
 -3.2358442E-01   9.6342233E-01  -3.7880124E-01   3.1017352E-01   2.6819982E-01   1.8666931E-01  -1.5809564E-01  -3.7657600E-01  -1.7838543E-04   1.2498609E-01   6.5838726E-02  -3.7561241E-02  -4.9907434E-01  -7.0647141E-01  -5.6432293E-01  -3.8833246E-01  -5.9785164E-01  -5.5585308E-01  -2.6672887E-01   2.4341981E-02  -1.0119127E-02   3.2955828E-03   2.2856992E-01  -5.2343554E-01   5.2343554E-01   9.4907591E-01   8.7492837E-01   9.8486147E-01   9.8953167E-01   1.0000000E+00   9.9864319E-01   9.3509815E-01   3.8290556E-01  -2.6638496E-01  -3.4243018E-01  -5.7417662E-01  -6.7323552E-01  -4.7796159E-01  -4.4092691E-01  -3.5823376E-01   2.4341981E-02  -3.2360018E-01  -3.2360307E-01   3.2511658E-01  -5.6942514E-01   6.9085422E-01  -8.4695293E-01  -3.6271971E-01  -8.2460697E-01  -6.3020165E-02  -7.8569872E-01   6.1757218E-01   2.3554171E-02   9.4907589E-01   9.4064229E-01  -9.6547058E-01  -9.6117403E-01  -1.3375567E-02   4.5596836E-01  -5.9355099E-01   4.6795162E-02   9.6179636E-01   9.7706864E-01   2.9260848E-02   8.6113348E-02  -3.3386879E-02  -8.6802474E-02   1.5789040E-01   2.2544720E-01  -1.8847138E-03
 -3.4843320E-01   9.4905923E-01  -3.8542026E-01   3.1684607E-01   2.4990730E-01   1.6874702E-01  -1.5219953E-01  -3.7591715E-01  -9.6124184E-03   1.2164779E-01   7.2107719E-02  -2.5394447E-02  -4.8265058E-01  -6.9408635E-01  -5.6130822E-01  -3.8724151E-01  -5.9684105E-01  -5.5287736E-01  -2.6999624E-01   2.7533614E-02  -7.8915393E-03   4.4665017E-03   2.3336763E-01  -5.0629193E-01   5.0629193E-01   9.3160477E-01   8.6285349E-01   9.8714654E-01   9.8515894E-01   9.9864319E-01   1.0000000E+00   9.3596501E-01   3.9130610E-01  -2.6970473E-01  -3.4974948E-01  -5.8526466E-01  -6.8020914E-01  -4.8415417E-01  -4.4962634E-01  -3.6986062E-01   2.7533614E-02  -3.4839447E-01  -3.4839700E-01   3.4972238E-01  -5.4304927E-01   7.0067902E-01  -8.1967789E-01  -3.6736680E-01  -7.9531653E-01  -9.4142255E-02  -7.5549039E-01   5.8326669E-01   4.9047538E-02   9.3160475E-01   9.2198949E-01  -9.5179531E-01  -9.4656266E-01   3.2652828E-03   4.5405645E-01  -5.7501053E-01   5.7576276E-02   9.5943660E-01   9.8034438E-01   2.3970742E-02   8.0424367E-02  -2.5464523E-02  -9.5344602E-02   1.5586195E-01   2.2296577E-01  -6.4373309E-03
 -2.9202655E-01   8.9733069E-01  -3.3782980E-01   2.4489294E-01   2.8687106E-01   1.8679565E-01  -2.1630768E-01  -3.2906790E-01   8.4422593E-02   1.6324531E-01   1.3268877E-02  -1.5499341E-01  -4.4539566E-01  -5.2734978E-01  -3.9149672E-01  -2.9221161E-01  -6.0518318E-01  -6.0815286E-01  -2.6797882E-01  -3.0157882E-01  -4.6662122E-03   1.0135411E-02   2.3021036E-01  -4.7489760E-01   4.7489760E-01   8.8501637E-01   8.2226865E-01   9.2537502E-01   9.2149123E-01   9.3509815E-01   9.3596501E-01   1.0000000E+00   3.0804117E-01  -2.6756227E-01  -2.7847297E-01  -3.7969351E-01  -5.4425234E-01  -4.3517061E-01  -4.4496181E-01  -3.9003822E-01  -3.0157882E-01  -2.9236473E-01  -2.9236625E-01   2.9405994E-01  -6.0645652E-01   6.3204164E-01  -7.8568297E-01  -3.2134182E-01  -7.6720109E-01  -5.1843878E-02  -7.2979772E-01   5.7553164E-01   1.7771607E-02   8.8501634E-01   8.7474091E-01  -9.0821065E-01  -9.0404847E-01   1.1576486E-02   3.8562787E-01  -6.0192868E-01  -2.7347246E-02   9.1140958E-01   9.2299327E-01   8.4710067E-02   5.6467174E-02  -2.2799216E-02  -1.7710397E-02   7.0592729E-02   1.5017661E-01   1.4453263E-02
 -1.8419756E-01   3.1936318E-01  -2.7554267E-01   9.8937242E-01   5.0642840E-02   8.2055112E-02  -2.4317359E-02  -3.2451181E-01  -1.3732095E-01  -4.7644673E-03   2.5299947E-01   2.5213332E-01  -7.0683533E-02  -3.4766250E-01  -3.8530839E-01  -2.5856147E-01  -1.6516174E-01  -2.5885026E-01  -1.5040419E-01   1.9680211E-01   9.9174135E-03  -1.1783156E-03   9.9060733E-02  -1.4798473E-01   1.4798473E-01   3.0599473E-01   2.9430868E-01   3.8866287E-01   3.6935209E-01   3.8290556E-01   3.9130610E-01   3.0804117E-01   1.0000000E+00  -1.5014982E-01  -9.8906793E-01  -8.5455011E-01  -9.1990626E-01  -9.7935926E-01  -9.5825306E-01  -9.2751910E-01   1.9680211E-01  -1.8412955E-01  -1.8412998E-01   1.8250944E-01  -1.1457173E-01   2.8092500E-01  -2.4450921E-01  -2.6474550E-01  -2.1137102E-01  -1.0321688E-01  -2.1421122E-01   1.4289246E-01   4.1129824E-02   3.0599470E-01   3.0081794E-01  -3.2364036E-01  -3.2000821E-01   1.4453035E-01   3.6754293E-01  -1.3118042E-01   2.7142237E-01   3.1218414E-01   3.8728660E-01   1.7283590E-01  -2.5775688E-02   2.5439073E-02  -2.0952634E-01   1.4145003E-01   5.1130071E-03  -9.3033306E-02
  4.1125541E-01  -2.6467185E-01   2.6661551E-01  -1.0992585E-01  -1.4297219E-01  -1.2962689E-01   1.4546724E-01   4.6411700E-01  -1.4070398E-01  -3.1380222E-01  -1.6831569E-01  -1.2891701E-02   1.0953688E-01   1.5532143E-01   2.3207044E-01   4.1011400E-01   5.0722458E-01   2.3577679E-01   9.9998872E-01   1.3859751E-01   8.1702545E-04  -4.0533296E-02   4.3878786E-02   2.0985302E-01  -2.0985302E-01  -2.2464175E-01  -1.6163221E-01  -2.4800195E-01  -2.7595765E-01  -2.6638496E-01  -2.6970473E-01  -2.6756227E-01  -1.5014982E-01   1.0000000E+00   2.3521284E-01   2.1271549E-01   3.0202290E-01   2.7880820E-01   3.1195257E-01   3.3668687E-01   1.3859751E-01   4.0660339E-01   4.0660227E-01  -4.0184124E-01  -3.3791946E-02  -4.3571806E-01   1.3411354E-01   2.5035463E-01   9.8622300E-02   3.4493922E-01   7.5379426E-02   4.8263964E-02  -2.6221286E-01  -2.2464180E-01  -2.2416618E-01   2.5858545E-01   2.4687892E-01  -1.4364618E-01  -2.3348121E-01   6.2550500E-02  -1.8374504E-01  -2.0332147E-01  -2.4158971E-01  -1.8287955E-01   6.6845375E-03   1.3022774E-01   1.6915513E-01  -9.4646292E-02  -1.4244477E-02   1.6487986E-01
  1.2608162E-01  -2.8278788E-01   3.1207641E-01  -9.9103641E-01  -7.7905868E-02  -1.1249579E-01   2.1990371E-02   3.5139223E-01   1.3441551E-01  -1.7396794E-02  -2.6213334E-01  -2.4779387E-01   4.8571753E-02   3.1070439E-01   3.7156803E-01   2.6964563E-01   1.5947551E-01   2.4624050E-01   2.3558116E-01  -1.8373347E-01  -4.4750198E-03  -4.4831448E-03  -8.6171853E-02   1.3586182E-01  -1.3586182E-01  -2.7509494E-01  -2.6299551E-01  -3.4694536E-01  -3.3088496E-01  -3.4243018E-01  -3.4974948E-01  -2.7847297E-01  -9.8906793E-01   2.3521284E-01   1.0000000E+00   8.4213757E-01   9.0387116E-01   9.8498793E-01   9.6404691E-01   9.3311457E-01  -1.8373347E-01   1.2535504E-01   1.2535506E-01  -1.2301312E-01   1.2186566E-01  -2.1866569E-01   2.2692775E-01   3.0341748E-01   1.8659890E-01   5.3268666E-02   2.0518304E-01  -1.5123511E-01   1.8320045E-02  -2.7509491E-01  -2.7009789E-01   2.9168078E-01   2.9002134E-01  -1.6366160E-01  -3.7261007E-01   1.3556669E-01  -2.7291982E-01  -2.6818442E-01  -3.4693041E-01  -1.9936587E-01   5.1548238E-02  -3.3347663E-02   2.0938913E-01  -1.2262775E-01   1.4252592E-02   1.0077417E-01
