# omegabh2 omegach2 theta binw0 binw1 binw2 binw3 binw4 alpha_JLA beta_JLA
  1.2196484E-07  -9.7948067E-07  -4.6658466E-08  -3.8273878E-05  -1.0883971E-05  -1.2785408E-06   3.9431492E-05   2.4972884E-05  -3.2087250E-07   2.0653711E-08
 -9.7948067E-07   1.2384021E-05  -1.1235899E-07   3.9229490E-04   1.0348620E-04  -6.5102880E-05  -3.4562840E-04  -2.8212961E-04   1.1999626E-06  -6.9747616E-06
 -4.6658466E-08  -1.1235899E-07   6.9499043E-07  -1.2298159E-05  -4.7929214E-05   1.0328275E-04  -3.6511157E-06  -1.7583925E-05   5.0876784E-07  -7.7748451E-06
 -3.8273878E-05   3.9229490E-04  -1.2298159E-05   4.7222078E-02  -1.2609820E-03   6.0706113E-03  -1.1423831E-02  -1.5225669E-02  -2.3273407E-04  -1.4385946E-03
 -1.0883971E-05   1.0348620E-04  -4.7929214E-05  -1.2609820E-03   1.1449389E-02  -1.2232070E-02  -4.1278529E-03  -3.5917112E-03  -2.1407036E-05   7.8592102E-04
 -1.2785408E-06  -6.5102880E-05   1.0328275E-04   6.0706113E-03  -1.2232070E-02   2.7341977E-02   3.2212944E-03  -4.7859869E-03   3.2313635E-05  -1.3456123E-03
  3.9431492E-05  -3.4562840E-04  -3.6511157E-06  -1.1423831E-02  -4.1278529E-03   3.2212944E-03   2.4012602E-02  -5.0918406E-04  -1.9604569E-04   1.0446134E-03
  2.4972884E-05  -2.8212961E-04  -1.7583925E-05  -1.5225669E-02  -3.5917112E-03  -4.7859869E-03  -5.0918406E-04   4.1301428E-02   9.9203897E-05  -1.4254088E-03
 -3.2087250E-07   1.1999626E-06   5.0876784E-07  -2.3273407E-04  -2.1407036E-05   3.2313635E-05  -1.9604569E-04   9.9203897E-05   4.1748895E-05  -5.0226905E-05
  2.0653711E-08  -6.9747616E-06  -7.7748451E-06  -1.4385946E-03   7.8592102E-04  -1.3456123E-03   1.0446134E-03  -1.4254088E-03  -5.0226905E-05   5.8689046E-03
