# omegabh2 omegach2 theta tau binw0 binw1 binw2 binw3 binw4 binw5 binw6 binw7 binw8 binw9 binw10 binw11 binw12 binw13 logA ns alpha_JLA beta_JLA
  4.1582881E-07  -9.6995309E-07  -6.1990287E-08  -1.1577095E-06   7.7118559E-05   4.7063474E-05   1.7595422E-05   3.7820390E-05  -1.3995013E-05  -1.7419749E-05  -2.1403684E-05  -3.9033606E-05  -7.2212413E-06   5.4709930E-05   6.8089529E-05   9.6474486E-05   1.3429284E-04   6.8065677E-05   1.8215147E-06   1.0361976E-06  -2.4166780E-07   1.7094445E-07
 -9.6995309E-07   3.4702640E-05  -3.1615197E-06   3.7935943E-05   1.3357612E-03   5.3552094E-04  -2.8700998E-04  -6.3096856E-04   1.1591587E-04   2.6425645E-04   4.8705135E-05  -1.8465178E-04  -1.2910935E-03  -2.0382273E-03  -1.7049239E-03  -1.2736931E-03  -1.6527057E-03  -1.6183984E-03  -1.0764034E-05  -2.7532581E-06  -6.4484642E-07  -2.8576973E-06
 -6.1990287E-08  -3.1615197E-06   2.9347368E-06  -1.2368520E-05  -2.0567909E-05  -2.1756158E-05  -7.6517611E-05   1.2710578E-04   1.8232257E-04   1.4234726E-05  -1.1291126E-04  -1.2795637E-04   5.9864757E-05   2.1651106E-04   3.9737031E-04   3.8710462E-04   1.8220574E-04   1.9689338E-05   3.1518328E-06  -3.4036921E-06   3.0558246E-07  -1.3439702E-06
 -1.1577095E-06   3.7935943E-05  -1.2368520E-05   6.5489613E-04   1.0077326E-03   8.8032365E-04  -6.2774619E-05  -2.2596022E-03  -1.2502601E-03  -1.8615752E-04   2.1855218E-03   2.3520350E-03  -3.1011153E-04  -3.6150206E-03  -4.7774541E-03  -3.2908917E-03  -1.1427532E-03  -2.8351415E-03  -1.9459656E-05   6.9752925E-05   7.9658563E-07   6.8713214E-07
  7.7118559E-05   1.3357612E-03  -2.0567909E-05   1.0077326E-03   4.5387136E-01   2.1009124E-01  -6.2973460E-02  -7.0934806E-02   7.2813132E-02   6.7187899E-02  -2.0769405E-02  -8.5348333E-02  -9.6780014E-02  -6.3823260E-02  -1.0994272E-04   5.2849635E-02  -1.9513494E-02  -1.1223479E-01  -6.6383586E-04  -3.0866837E-05  -3.4272681E-04  -8.2678052E-04
  4.7063474E-05   5.3552094E-04  -2.1756158E-05   8.8032365E-04   2.1009124E-01   1.2851659E-01  -2.4359737E-02  -4.6180920E-02   3.4216605E-02   3.8295306E-02  -5.9630293E-03  -4.6534367E-02  -5.4937247E-02  -3.5382059E-02   7.8940505E-03   3.4648198E-02   2.9650880E-03  -5.0433712E-02  -3.1989457E-04   3.3826240E-04  -2.2410016E-04  -5.5630001E-04
  1.7595422E-05  -2.8700998E-04  -7.6517611E-05  -6.2774619E-05  -6.2973460E-02  -2.4359737E-02   6.6643702E-02   2.6120533E-02  -4.6829261E-02  -4.5095385E-02  -1.5441079E-02   2.6694300E-02   7.6167701E-03  -2.7252618E-03   3.9168166E-03   9.1357338E-03   2.5348705E-02   5.2559126E-02   2.5783765E-04   7.8672534E-04  -5.9941157E-05  -1.5291751E-03
  3.7820390E-05  -6.3096856E-04   1.2710578E-04  -2.2596022E-03  -7.0934806E-02  -4.6180920E-02   2.6120533E-02   8.6996830E-02  -1.7720474E-02  -5.7027348E-02  -4.3739361E-02   9.4297217E-03   3.9702101E-02   4.3442318E-02   3.8177346E-02   4.3118573E-02   5.3230422E-02   6.2804958E-02   9.4281212E-04  -3.0224280E-04  -4.5396492E-05  -1.3530219E-03
 -1.3995013E-05   1.1591587E-04   1.8232257E-04  -1.2502601E-03   7.2813132E-02   3.4216605E-02  -4.6829261E-02  -1.7720474E-02   9.4857572E-02   4.7198790E-02  -2.2144363E-02  -5.8047022E-02  -1.8951789E-02   1.1425306E-02   3.0786431E-02   2.1666700E-02  -4.2008851E-03  -4.1543615E-02  -2.9747613E-04  -1.0831757E-03  -7.8195055E-06   1.6821887E-04
 -1.7419749E-05   2.6425645E-04   1.4234726E-05  -1.8615752E-04   6.7187899E-02   3.8295306E-02  -4.5095385E-02  -5.7027348E-02   4.7198790E-02   1.1225145E-01   5.2495662E-02  -5.0985334E-02  -4.8430016E-02  -1.1494470E-02  -3.7773011E-03  -2.1236496E-02  -4.1973736E-02  -7.0648211E-02  -7.2381720E-04  -3.3697740E-04  -6.2539866E-05   1.5579753E-03
 -2.1403684E-05   4.8705135E-05  -1.1291126E-04   2.1855218E-03  -2.0769405E-02  -5.9630293E-03  -1.5441079E-02  -4.3739361E-02  -2.2144363E-02   5.2495662E-02   1.1398087E-01   2.8601064E-02  -1.8721058E-02  -2.8333414E-02  -5.9377114E-02  -6.5719105E-02  -3.2706337E-02  -1.8711779E-02  -3.9210106E-04   8.0515826E-04  -5.8521950E-06   1.0219490E-03
 -3.9033606E-05  -1.8465178E-04  -1.2795637E-04   2.3520350E-03  -8.5348333E-02  -4.6534367E-02   2.6694300E-02   9.4297217E-03  -5.8047022E-02  -5.0985334E-02   2.8601064E-02   1.2622822E-01   6.7220741E-02  -2.3898716E-02  -8.2272979E-02  -6.9869852E-02  -3.0441396E-04   5.7723085E-02  -3.1927926E-05   1.5098501E-03   5.8463910E-05  -1.5596268E-03
 -7.2212413E-06  -1.2910935E-03   5.9864757E-05  -3.1011153E-04  -9.6780014E-02  -5.4937247E-02   7.6167701E-03   3.9702101E-02  -1.8951789E-02  -4.8430016E-02  -1.8721058E-02   6.7220741E-02   1.6240640E-01   1.1166972E-01   1.0456169E-02  -1.4394587E-02   3.0747057E-02   7.0243306E-02   3.0565016E-04  -1.6919998E-04   1.0240176E-04  -1.0340420E-03
  5.4709930E-05  -2.0382273E-03   2.1651106E-04  -3.6150206E-03  -6.3823260E-02  -3.5382059E-02  -2.7252618E-03   4.3442318E-02   1.1425306E-02  -1.1494470E-02  -2.8333414E-02  -2.3898716E-02   1.1166972E-01   2.2329216E-01   1.4772392E-01   7.3894746E-02   5.5788456E-02   4.8953399E-02   5.0799931E-04  -1.9532151E-03   8.4857451E-05   1.5745075E-03
  6.8089529E-05  -1.7049239E-03   3.9737031E-04  -4.7774541E-03  -1.0994272E-04   7.8940505E-03   3.9168166E-03   3.8177346E-02   3.0786431E-02  -3.7773011E-03  -5.9377114E-02  -8.2272979E-02   1.0456169E-02   1.4772392E-01   2.7825359E-01   2.3818387E-01   1.1174904E-01   1.3571379E-02   8.4485562E-04  -2.4971009E-03   5.7060634E-05   1.0985704E-03
  9.6474486E-05  -1.2736931E-03   3.8710462E-04  -3.2908917E-03   5.2849635E-02   3.4648198E-02   9.1357338E-03   4.3118573E-02   2.1666700E-02  -2.1236496E-02  -6.5719105E-02  -6.9869852E-02  -1.4394587E-02   7.3894746E-02   2.3818387E-01   3.2359725E-01   1.7730099E-01   9.7502625E-04   1.6071710E-03  -9.1235292E-04  -1.6213099E-05  -6.2863800E-04
  1.3429284E-04  -1.6527057E-03   1.8220574E-04  -1.1427532E-03  -1.9513494E-02   2.9650880E-03   2.5348705E-02   5.3230422E-02  -4.2008851E-03  -4.1973736E-02  -3.2706337E-02  -3.0441396E-04   3.0747057E-02   5.5788456E-02   1.1174904E-01   1.7730099E-01   2.2418712E-01   1.2353898E-01   1.6553266E-03   1.3030069E-03  -8.0230858E-05  -1.7349070E-03
  6.8065677E-05  -1.6183984E-03   1.9689338E-05  -2.8351415E-03  -1.1223479E-01  -5.0433712E-02   5.2559126E-02   6.2804958E-02  -4.1543615E-02  -7.0648211E-02  -1.8711779E-02   5.7723085E-02   7.0243306E-02   4.8953399E-02   1.3571379E-02   9.7502625E-04   1.2353898E-01   2.5336858E-01   8.1925857E-04   1.2737236E-03  -5.0073395E-05  -1.7505566E-03
  1.8215147E-06  -1.0764034E-05   3.1518328E-06  -1.9459656E-05  -6.6383586E-04  -3.1989457E-04   2.5783765E-04   9.4281212E-04  -2.9747613E-04  -7.2381720E-04  -3.9210106E-04  -3.1927926E-05   3.0565016E-04   5.0799931E-04   8.4485562E-04   1.6071710E-03   1.6553266E-03   8.1925857E-04   4.7495728E-05   1.2799182E-05   4.4817659E-08  -2.2696684E-05
  1.0361976E-06  -2.7532581E-06  -3.4036921E-06   6.9752925E-05  -3.0866837E-05   3.3826240E-04   7.8672534E-04  -3.0224280E-04  -1.0831757E-03  -3.3697740E-04   8.0515826E-04   1.5098501E-03  -1.6919998E-04  -1.9532151E-03  -2.4971009E-03  -9.1235292E-04   1.3030069E-03   1.2737236E-03   1.2799182E-05   1.7917781E-04  -3.5949756E-06  -2.4081782E-05
 -2.4166780E-07  -6.4484642E-07   3.0558246E-07   7.9658563E-07  -3.4272681E-04  -2.2410016E-04  -5.9941157E-05  -4.5396492E-05  -7.8195055E-06  -6.2539866E-05  -5.8521950E-06   5.8463910E-05   1.0240176E-04   8.4857451E-05   5.7060634E-05  -1.6213099E-05  -8.0230858E-05  -5.0073395E-05   4.4817659E-08  -3.5949756E-06   4.3870709E-05  -4.1756812E-05
  1.7094445E-07  -2.8576973E-06  -1.3439702E-06   6.8713214E-07  -8.2678052E-04  -5.5630001E-04  -1.5291751E-03  -1.3530219E-03   1.6821887E-04   1.5579753E-03   1.0219490E-03  -1.5596268E-03  -1.0340420E-03   1.5745075E-03   1.0985704E-03  -6.2863800E-04  -1.7349070E-03  -1.7505566E-03  -2.2696684E-05  -2.4081782E-05  -4.1756812E-05   6.5901494E-03
