  1.0000000E+00  -7.9698054E-01  -1.6025948E-01  -5.0432744E-01  -2.9125869E-01  -2.2140239E-02   7.2862871E-01   3.5185914E-01  -1.4219774E-01   7.7197325E-04   4.3682300E-01   6.4790585E-01  -6.4790585E-01  -7.5606607E-01  -4.4174763E-01  -7.4646110E-01  -8.2398155E-01  -8.1543724E-01  -8.2175822E-01  -9.6578751E-01   8.5419629E-01   8.8358059E-01   8.0646384E-01   9.6587681E-01   8.9967974E-01   9.9989719E-01   9.9989715E-01  -9.9981495E-01  -6.1700816E-02  -9.6598648E-01   6.4120931E-01  -1.9789694E-01   6.7407603E-01   9.6936402E-01   5.3278329E-01  -1.7426211E-01  -9.3431129E-01  -7.5606717E-01  -7.5606589E-01   7.7320785E-01   7.5868967E-01   2.0723545E-01   3.2375342E-02   3.9419092E-02   5.8567357E-02  -6.9516583E-01  -7.1057157E-01   2.6209075E-01  -3.2690449E-01   1.8992446E-01  -3.7580309E-01  -2.9837300E-01   8.7265142E-02  -3.6712895E-01
 -7.9698054E-01   1.0000000E+00  -3.8299011E-02   5.1299044E-01   2.7482766E-01  -1.1188050E-01  -6.3380983E-01  -3.9448936E-01   5.2773317E-02  -2.5871405E-02  -4.7550548E-01  -7.8029029E-01   7.8029029E-01   9.9788837E-01   6.6814397E-01   9.0266009E-01   9.9477771E-01   9.8532668E-01   9.7920718E-01   9.1439712E-01  -9.9005230E-01  -9.8691151E-01  -9.9710796E-01  -8.5612236E-01  -6.7022378E-01  -7.9461406E-01  -7.9461021E-01   7.9353561E-01  -5.3636264E-02   9.2590428E-01  -9.7448053E-01  -9.9579715E-03  -9.7371166E-01  -6.2456317E-01  -9.3571419E-01   7.3354327E-01   6.0033549E-01   9.9788848E-01   9.9788835E-01  -9.9824548E-01  -9.9701332E-01  -4.8408401E-01  -1.0874412E-01   8.8021042E-02  -5.4686327E-02   8.6511790E-01   8.3418150E-01  -3.1757676E-01   3.6823649E-01  -3.3297323E-01   4.7321011E-01   4.5188603E-01  -1.5542300E-01   4.6494761E-01
 -1.6025948E-01  -3.8299011E-02   1.0000000E+00  -6.7885677E-02  -5.3730359E-01   7.4924423E-01  -2.8262890E-02  -1.0378722E-01   9.4451258E-02  -1.2173734E-01  -8.6353757E-02  -3.5822237E-02   3.5822237E-02  -5.8729698E-02  -1.3401431E-01  -1.1464251E-01  -5.6653673E-02  -8.2033521E-02  -8.5612760E-02   9.6473658E-02   5.8572047E-02  -1.4183196E-02   9.9106689E-02   8.2142092E-02   2.3882199E-01  -1.5380954E-01  -1.5383901E-01   1.5440848E-01  -2.9179497E-01   7.8433860E-02   1.0846566E-01   9.9924404E-01  -5.4077311E-02  -2.2195250E-01   1.4707803E-01  -2.3684041E-01   4.6541748E-01  -5.8733010E-02  -5.8730645E-02   8.9056847E-02   9.9791559E-02   4.2967386E-01   6.6953013E-01  -1.0305313E-01   6.0122353E-01  -3.1009594E-01  -9.5311487E-02   1.7761288E-01   6.7052105E-02  -3.3392442E-01  -4.3518592E-01   4.8938584E-02   1.2352211E-02  -3.8180359E-01
 -5.0432744E-01   5.1299044E-01  -6.7885677E-02   1.0000000E+00  -5.4230698E-02   1.6894483E-01  -3.3924981E-01  -3.4476352E-01  -1.6575434E-01  -8.6414645E-02  -3.6639751E-01  -4.7751818E-01   4.7751818E-01   5.0163776E-01   2.3305519E-01   4.5848950E-01   5.4539741E-01   5.2572916E-01   5.2901987E-01   5.1121344E-01  -5.5008600E-01  -5.3688462E-01  -5.2204517E-01  -5.2892145E-01  -4.7819032E-01  -5.0174050E-01  -5.0172017E-01   5.0393233E-01  -1.0480656E-01   5.3496991E-01  -4.6858773E-01  -4.9336889E-02  -4.6075953E-01  -4.4490988E-01  -4.2854203E-01   2.7323866E-01   3.9617332E-01   5.0163888E-01   5.0163740E-01  -5.1864407E-01  -5.1450721E-01  -1.6587525E-02   2.2154177E-01  -9.5286429E-02   1.5986560E-01   3.5435965E-01   4.4158813E-01   1.6149854E-01   1.3350344E-01  -1.2589256E-01   3.6771735E-02   2.0232649E-01   5.2111546E-01   8.1436313E-02
 -2.9125869E-01   2.7482766E-01  -5.3730359E-01  -5.4230698E-02   1.0000000E+00  -6.9134342E-01  -2.4895076E-01  -1.6516869E-01  -3.0962990E-02   9.5875849E-02  -1.4154750E-01  -2.1344490E-01   2.1344490E-01   2.6647713E-01   1.6883941E-01   3.0752456E-01   3.1196797E-01   3.1934654E-01   3.2694396E-01   2.8687384E-01  -3.2402624E-01  -2.9084873E-01  -3.1915402E-01  -4.1835152E-01  -5.1289776E-01  -2.9928922E-01  -2.9928519E-01   2.9731074E-01   1.4917073E-01   3.0419763E-01  -2.4245212E-01  -5.2137218E-01  -1.5785370E-01  -2.6358724E-01  -2.1625266E-01   1.1667735E-01   9.9974152E-02   2.6647990E-01   2.6647528E-01  -2.9665720E-01  -2.9589707E-01  -3.2008860E-01  -5.8763485E-01  -6.7064327E-02  -6.2725668E-01   4.7300191E-01   2.9668021E-01  -4.2702706E-01  -2.9658733E-03   2.4871633E-01   4.1583930E-01  -1.0034659E-01  -4.6913255E-01   3.3196364E-01
 -2.2140239E-02  -1.1188050E-01   7.4924423E-01   1.6894483E-01  -6.9134342E-01   1.0000000E+00   1.2571753E-01  -1.4242099E-01   3.0244636E-02  -1.0622493E-01  -3.1920198E-01  -1.7240755E-01   1.7240755E-01  -1.2361051E-01  -3.9784492E-01  -2.8101316E-01  -9.4267838E-02  -1.7352869E-01  -1.8092045E-01  -2.9033282E-02   1.3411343E-01   8.0075313E-02   1.5498520E-01   1.4911364E-01   2.6200096E-01  -1.6466689E-02  -1.6500325E-02   2.0258285E-02  -1.7328580E-01  -3.6657928E-02   1.5028669E-01   7.4441313E-01   2.9449913E-02  -7.6060153E-02   1.6955533E-01  -2.0453365E-01   2.6574471E-01  -1.2361405E-01  -1.2361072E-01   1.4799188E-01   1.5473107E-01   4.5523271E-01   8.8184968E-01   3.7754421E-02   9.0108132E-01  -5.2285364E-01  -2.7772303E-01   2.7742717E-01   2.0778764E-01  -5.3805775E-01  -5.4032597E-01   2.2800939E-01   2.2104376E-01  -4.3306556E-01
  7.2862871E-01  -6.3380983E-01  -2.8262890E-02  -3.3924981E-01  -2.4895076E-01   1.2571753E-01   1.0000000E+00  -1.6168609E-02  -1.9580113E-01   8.7994895E-02   1.0036806E-01   3.4009442E-01  -3.4009442E-01  -6.0843751E-01  -5.6635956E-01  -6.7729955E-01  -6.1998519E-01  -6.6114194E-01  -6.6649998E-01  -7.4429586E-01   6.7092200E-01   6.8365517E-01   6.4618224E-01   7.3892686E-01   6.8572230E-01   7.2977579E-01   7.2978107E-01  -7.3112376E-01  -3.6922124E-02  -7.2856012E-01   5.3396251E-01  -5.6037959E-02   5.4372646E-01   6.8599357E-01   4.6152422E-01  -2.1095421E-01  -6.4500704E-01  -6.0843936E-01  -6.0843644E-01   6.2015380E-01   6.1143169E-01   1.8008567E-01   2.5685243E-01   2.1380880E-01   3.9171002E-01  -7.0914505E-01  -6.6787863E-01   3.8506276E-01  -5.0240179E-02  -4.2801940E-02  -4.4002766E-01  -3.3062979E-02   4.3565044E-02  -3.5339313E-01
  3.5185914E-01  -3.9448936E-01  -1.0378722E-01  -3.4476352E-01  -1.6516869E-01  -1.4242099E-01  -1.6168609E-02   1.0000000E+00   7.5548127E-02  -9.1554222E-02  -1.2616074E-02   1.5493209E-01  -1.5493209E-01  -3.8962957E-01  -4.2923113E-01  -5.2658178E-01  -4.2398525E-01  -4.7877087E-01  -4.9316424E-01  -3.0234147E-01   4.4008860E-01   4.0571324E-01   3.8639930E-01   3.3812435E-01   2.4934110E-01   3.4955080E-01   3.4955787E-01  -3.4970568E-01   7.2638368E-01  -3.8739392E-01   3.7504622E-01  -1.1492783E-01   3.9377534E-01   2.9524398E-01   3.5205053E-01  -2.5373276E-01  -3.0719360E-01  -3.8962754E-01  -3.8962894E-01   3.9645438E-01   3.9370423E-01  -4.1572637E-01  -5.1758745E-01   5.5486967E-01  -1.6727681E-01  -3.0498916E-01  -5.8171334E-01   6.5429682E-02   8.7518433E-02  -1.1757999E-01   3.3085504E-01   1.8596120E-01   2.6585185E-01   2.9287785E-01
 -1.4219774E-01   5.2773317E-02   9.4451258E-02  -1.6575434E-01  -3.0962990E-02   3.0244636E-02  -1.9580113E-01   7.5548127E-02   1.0000000E+00  -1.0146947E-01   5.7241642E-02   1.7836492E-02  -1.7836492E-02   4.1895072E-02   8.9875660E-02   8.0767423E-02   4.4310498E-02   6.0181806E-02   6.2425734E-02   1.1996947E-01  -6.2739785E-02  -7.7150226E-02  -4.8494429E-02  -1.0387231E-01  -1.0727429E-01  -1.4293406E-01  -1.4295639E-01   1.3924684E-01   4.5254950E-02   1.0948402E-01  -1.2558095E-02   1.0029532E-01  -2.9107859E-02  -1.6388681E-01   1.0822121E-02  -7.3458357E-02   1.6705936E-01   4.1894958E-02   4.1894153E-02  -4.1535410E-02  -3.7627078E-02   7.5042441E-03  -2.8607049E-02  -2.7732482E-02  -4.5796477E-02   8.3130832E-02   8.3158443E-02  -8.7525632E-02   9.9767862E-03  -7.1054979E-03   8.2659298E-02  -2.0537755E-02  -3.1803347E-02   5.2768019E-02
  7.7197325E-04  -2.5871405E-02  -1.2173734E-01  -8.6414645E-02   9.5875849E-02  -1.0622493E-01   8.7994895E-02  -9.1554222E-02  -1.0146947E-01   1.0000000E+00   8.1038322E-02   6.9661028E-02  -6.9661028E-02  -2.7954268E-02   3.7505714E-02   3.0267253E-02  -1.6704725E-02   2.0627490E-03   7.4122115E-03  -2.7329981E-02   5.8772796E-03   1.9445442E-02   1.3182888E-02  -2.8456182E-02  -6.5872051E-02  -6.6687978E-04  -6.3907650E-04   1.1718782E-03  -4.1077417E-02  -1.0574974E-02   3.1765375E-02  -1.2044272E-01   5.1533318E-02  -1.0222876E-02   3.5113931E-02  -4.1633374E-02  -2.7421570E-02  -2.7951855E-02  -2.7950756E-02   1.9621377E-02   1.9852725E-02   2.8256912E-02  -4.0935531E-02  -5.7449354E-02  -7.6946311E-02   2.9946008E-02   4.1866756E-02  -3.0384118E-02  -7.4199521E-02   8.4143007E-02  -3.2512841E-02  -1.0903804E-01  -1.9811623E-01  -4.9527960E-02
  4.3682300E-01  -4.7550548E-01  -8.6353757E-02  -3.6639751E-01  -1.4154750E-01  -3.1920198E-01   1.0036806E-01  -1.2616074E-02   5.7241642E-02   8.1038322E-02   1.0000000E+00   9.1965635E-01  -9.1965635E-01  -4.6827891E-01   3.3371901E-01  -7.3028827E-02  -5.2505182E-01  -3.5452128E-01  -3.3370278E-01  -5.1362790E-01   4.3995491E-01   4.8165163E-01   4.7461105E-01   4.4880332E-01   3.5690202E-01   4.3705695E-01   4.3706432E-01  -4.3770649E-01  -5.1967037E-01  -4.7801795E-01   4.4035988E-01  -1.0185100E-01   4.5728483E-01   3.7189262E-01   4.0950682E-01  -2.7940285E-01  -3.8375317E-01  -4.6827849E-01  -4.6827844E-01   4.6435168E-01   4.6164904E-01   5.3289156E-01  -7.7762686E-02  -6.9231495E-01  -5.1066960E-01  -7.1243367E-02   4.8417286E-02   4.7174624E-02  -6.7017310E-01   8.4322426E-01  -2.6592445E-01  -8.0780437E-01  -3.3782955E-02  -3.4047408E-01
  6.4790585E-01  -7.8029029E-01  -3.5822237E-02  -4.7751818E-01  -2.1344490E-01  -1.7240755E-01   3.4009442E-01   1.5493209E-01   1.7836492E-02   6.9661028E-02   9.1965635E-01   1.0000000E+00  -1.0000000E+00  -7.7584271E-01  -6.0625941E-02  -4.4798877E-01  -8.1152672E-01  -6.8537646E-01  -6.6719806E-01  -7.6057165E-01   7.4726168E-01   7.7465936E-01   7.7811945E-01   6.8664764E-01   5.3578887E-01   6.4687934E-01   6.4688473E-01  -6.4696327E-01  -3.5027274E-01  -7.3990295E-01   7.4948164E-01  -5.8782476E-02   7.5967211E-01   5.2110683E-01   7.1360231E-01  -5.3980042E-01  -5.1941420E-01  -7.7584243E-01  -7.7584249E-01   7.7225723E-01   7.7037057E-01   6.0826702E-01   1.4783279E-04  -5.4583431E-01  -3.4073544E-01  -4.3237844E-01  -3.2934424E-01   1.6818617E-01  -6.6523242E-01   7.4681050E-01  -4.1811022E-01  -7.9534188E-01   5.0245252E-02  -4.7205718E-01
 -6.4790585E-01   7.8029029E-01   3.5822237E-02   4.7751818E-01   2.1344490E-01   1.7240755E-01  -3.4009442E-01  -1.5493209E-01  -1.7836492E-02  -6.9661028E-02  -9.1965635E-01  -1.0000000E+00   1.0000000E+00   7.7584271E-01   6.0625941E-02   4.4798877E-01   8.1152672E-01   6.8537646E-01   6.6719806E-01   7.6057165E-01  -7.4726168E-01  -7.7465936E-01  -7.7811945E-01  -6.8664764E-01  -5.3578887E-01  -6.4687934E-01  -6.4688473E-01   6.4696327E-01   3.5027274E-01   7.3990295E-01  -7.4948164E-01   5.8782476E-02  -7.5967211E-01  -5.2110683E-01  -7.1360231E-01   5.3980042E-01   5.1941420E-01   7.7584243E-01   7.7584249E-01  -7.7225723E-01  -7.7037057E-01  -6.0826702E-01  -1.4783279E-04   5.4583431E-01   3.4073544E-01   4.3237844E-01   3.2934424E-01  -1.6818617E-01   6.6523242E-01  -7.4681050E-01   4.1811022E-01   7.9534188E-01  -5.0245252E-02   4.7205718E-01
 -7.5606607E-01   9.9788837E-01  -5.8729698E-02   5.0163776E-01   2.6647713E-01  -1.2361051E-01  -6.0843751E-01  -3.8962957E-01   4.1895072E-02  -2.7954268E-02  -4.6827891E-01  -7.7584271E-01   7.7584271E-01   1.0000000E+00   6.7649286E-01   8.9784440E-01   9.8932569E-01   9.8000361E-01   9.7269282E-01   8.8697684E-01  -9.8095613E-01  -9.7439315E-01  -9.9373443E-01  -8.2382015E-01  -6.2949939E-01  -7.5351277E-01  -7.5350860E-01   7.5235303E-01  -6.4757631E-02   8.9942452E-01  -9.8698668E-01  -3.2066996E-02  -9.8261991E-01  -5.7253040E-01  -9.5663948E-01   7.7612259E-01   5.5004811E-01   1.0000000E+00   1.0000000E+00  -9.9854340E-01  -9.9876945E-01  -5.0226222E-01  -1.1434942E-01   9.9616619E-02  -5.2957045E-02   8.6267893E-01   8.2750112E-01  -3.1594002E-01   3.6386368E-01  -3.4038457E-01   4.7235213E-01   4.5757430E-01  -1.5903154E-01   4.6433201E-01
 -4.4174763E-01   6.6814397E-01  -1.3401431E-01   2.3305519E-01   1.6883941E-01  -3.9784492E-01  -5.6635956E-01  -4.2923113E-01   8.9875660E-02   3.7505714E-02   3.3371901E-01  -6.0625941E-02   6.0625941E-02   6.7649286E-01   1.0000000E+00   8.9731065E-01   6.1779261E-01   7.5017422E-01   7.5976961E-01   5.1737735E-01  -6.7980169E-01  -6.3787414E-01  -6.6431528E-01  -5.0380201E-01  -3.7276648E-01  -4.3887099E-01  -4.3885953E-01   4.3703756E-01  -5.0572832E-01   5.6059103E-01  -6.8613836E-01  -1.1852827E-01  -6.6746651E-01  -2.9984742E-01  -6.7963308E-01   5.9589111E-01   2.6626071E-01   6.7649321E-01   6.7649321E-01  -6.7828715E-01  -6.8079524E-01  -8.8892689E-02  -1.8496161E-01  -4.7450551E-01  -4.8261848E-01   8.6092850E-01   9.2393347E-01  -2.9928438E-01  -1.8036474E-01   3.3857946E-01   2.7453307E-01  -1.9199208E-01  -1.9607294E-01   2.0231676E-01
 -7.4646110E-01   9.0266009E-01  -1.1464251E-01   4.5848950E-01   3.0752456E-01  -2.8101316E-01  -6.7729955E-01  -5.2658178E-01   8.0767423E-02   3.0267253E-02  -7.3028827E-02  -4.4798877E-01   4.4798877E-01   8.9784440E-01   8.9731065E-01   1.0000000E+00   8.8588089E-01   9.5803452E-01   9.6449260E-01   8.1526348E-01  -9.2614087E-01  -9.0012655E-01  -9.0614465E-01  -8.0821837E-01  -6.6776477E-01  -7.4448240E-01  -7.4447361E-01   7.4321682E-01  -3.2492930E-01   8.5237424E-01  -8.7091993E-01  -8.7365871E-02  -8.5745715E-01  -5.9881289E-01  -8.3022291E-01   6.3391981E-01   5.4674874E-01   8.9784499E-01   8.9784450E-01  -9.0635314E-01  -9.0441767E-01  -2.3542133E-01  -1.3592744E-01  -2.8763407E-01  -3.1705339E-01   9.4886747E-01   9.8862881E-01  -3.4395713E-01   7.7625461E-02   6.6494016E-02   3.8006225E-01   8.3092858E-02  -1.9262918E-01   3.3509610E-01
 -8.2398155E-01   9.9477771E-01  -5.6653673E-02   5.4539741E-01   3.1196797E-01  -9.4267838E-02  -6.1998519E-01  -4.2398525E-01   4.4310498E-02  -1.6704725E-02  -5.2505182E-01  -8.1152672E-01   8.1152672E-01   9.8932569E-01   6.1779261E-01   8.8588089E-01   1.0000000E+00   9.8168067E-01   9.7644380E-01   9.2751502E-01  -9.9284840E-01  -9.9014204E-01  -9.9591956E-01  -8.8448656E-01  -7.1452548E-01  -8.2216414E-01  -8.2216097E-01   8.2136554E-01  -2.9674867E-02   9.4093948E-01  -9.5801669E-01  -2.6918532E-02  -9.5445661E-01  -6.6170664E-01  -9.1280538E-01   6.9435488E-01   6.2672214E-01   9.8932593E-01   9.8932562E-01  -9.9295683E-01  -9.9071847E-01  -4.7012751E-01  -8.9549091E-02   9.5820276E-02  -3.0665994E-02   8.4463955E-01   8.1679707E-01  -3.1413201E-01   3.9177561E-01  -3.4624054E-01   4.6390552E-01   4.6526238E-01  -1.5245016E-01   4.6141578E-01
 -8.1543724E-01   9.8532668E-01  -8.2033521E-02   5.2572916E-01   3.1934654E-01  -1.7352869E-01  -6.6114194E-01  -4.7877087E-01   6.0181806E-02   2.0627490E-03  -3.5452128E-01  -6.8537646E-01   6.8537646E-01   9.8000361E-01   7.5017422E-01   9.5803452E-01   9.8168067E-01   1.0000000E+00   9.9941904E-01   9.0768778E-01  -9.9377522E-01  -9.8138082E-01  -9.8743411E-01  -8.7816102E-01  -7.1538755E-01  -8.1350546E-01  -8.1349976E-01   8.1248324E-01  -1.5236389E-01   9.3127447E-01  -9.4967090E-01  -5.2471490E-02  -9.4194883E-01  -6.5447425E-01  -9.0507033E-01   6.8960426E-01   6.1152282E-01   9.8000400E-01   9.8000360E-01  -9.8574821E-01  -9.8357645E-01  -3.8675036E-01  -1.1072538E-01  -5.9403740E-02  -1.4902841E-01   9.1145405E-01   9.1073481E-01  -3.3555774E-01   2.7226794E-01  -1.8703208E-01   4.4133365E-01   3.2053980E-01  -1.7299048E-01   4.2107487E-01
 -8.2175822E-01   9.7920718E-01  -8.5612760E-02   5.2901987E-01   3.2694396E-01  -1.8092045E-01  -6.6649998E-01  -4.9316424E-01   6.2425734E-02   7.4122115E-03  -3.3370278E-01  -6.6719806E-01   6.6719806E-01   9.7269282E-01   7.5976961E-01   9.6449260E-01   9.7644380E-01   9.9941904E-01   1.0000000E+00   9.0707006E-01  -9.9198852E-01  -9.7852108E-01  -9.8232754E-01  -8.8336497E-01  -7.2642309E-01  -8.1993245E-01  -8.1992654E-01   8.1893264E-01  -1.6810602E-01   9.3261849E-01  -9.3969800E-01  -5.5701486E-02  -9.3143943E-01  -6.6514549E-01  -8.9295778E-01   6.7269049E-01   6.1895577E-01   9.7269327E-01   9.7269281E-01  -9.7967278E-01  -9.7711496E-01  -3.6462226E-01  -1.0848458E-01  -8.7098399E-02  -1.6415315E-01   9.1576080E-01   9.2141603E-01  -3.3668991E-01   2.5499058E-01  -1.5999636E-01   4.3285189E-01   2.9525753E-01  -1.7399353E-01   4.1071131E-01
 -9.6578751E-01   9.1439712E-01   9.6473658E-02   5.1121344E-01   2.8687384E-01  -2.9033282E-02  -7.4429586E-01  -3.0234147E-01   1.1996947E-01  -2.7329981E-02  -5.1362790E-01  -7.6057165E-01   7.6057165E-01   8.8697684E-01   5.1737735E-01   8.1526348E-01   9.2751502E-01   9.0768778E-01   9.0707006E-01   1.0000000E+00  -9.4090472E-01  -9.6466973E-01  -9.1915519E-01  -9.6684837E-01  -8.4851252E-01  -9.6491425E-01  -9.6491261E-01   9.6444326E-01   9.9880476E-02   9.9496744E-01  -8.0250613E-01   1.3219628E-01  -8.2482114E-01  -8.7747821E-01  -7.1665313E-01   4.0330972E-01   8.4795232E-01   8.8697768E-01   8.8697675E-01  -8.9675986E-01  -8.8687325E-01  -3.9059088E-01  -1.0793645E-01   8.5373767E-02  -5.5669211E-02   7.8548961E-01   7.5434214E-01  -2.9617120E-01   3.9734153E-01  -3.0403555E-01   4.7828008E-01   4.2842881E-01  -1.0605647E-01   4.6899195E-01
  8.5419629E-01  -9.9005230E-01   5.8572047E-02  -5.5008600E-01  -3.2402624E-01   1.3411343E-01   6.7092200E-01   4.4008860E-01  -6.2739785E-02   5.8772796E-03   4.3995491E-01   7.4726168E-01  -7.4726168E-01  -9.8095613E-01  -6.7980169E-01  -9.2614087E-01  -9.9284840E-01  -9.9377522E-01  -9.9198852E-01  -9.4090472E-01   1.0000000E+00   9.9510366E-01   9.9323536E-01   9.0934592E-01   7.5233432E-01   8.5252904E-01   8.5252444E-01  -8.5160929E-01   7.3814163E-02  -9.5764263E-01   9.4116379E-01   2.7435079E-02   9.3751570E-01   7.0266165E-01   8.8893610E-01  -6.5337365E-01  -6.5997169E-01  -9.8095663E-01  -9.8095606E-01   9.8780459E-01   9.8433305E-01   4.1845099E-01   1.0902752E-01  -8.4680279E-03   1.0486163E-01  -8.8441303E-01  -8.6955244E-01   3.2365230E-01  -3.3011208E-01   2.5225710E-01  -4.5960842E-01  -3.8278283E-01   1.4873561E-01  -4.4602696E-01
  8.8358059E-01  -9.8691151E-01  -1.4183196E-02  -5.3688462E-01  -2.9084873E-01   8.0075313E-02   6.8365517E-01   4.0571324E-01  -7.7150226E-02   1.9445442E-02   4.8165163E-01   7.7465936E-01  -7.7465936E-01  -9.7439315E-01  -6.3787414E-01  -9.0012655E-01  -9.9014204E-01  -9.8138082E-01  -9.7852108E-01  -9.6466973E-01   9.9510366E-01   1.0000000E+00   9.8704993E-01   9.1978283E-01   7.5778768E-01   8.8170185E-01   8.8169884E-01  -8.8080923E-01   3.3018236E-02  -9.7440183E-01   9.2584722E-01  -4.6135734E-02   9.3418624E-01   7.4181425E-01   8.6697774E-01  -6.1501239E-01  -7.1390292E-01  -9.7439353E-01  -9.7439307E-01   9.7946229E-01   9.7462550E-01   4.2388884E-01   8.8149728E-02  -5.0335819E-02   5.7881653E-02  -8.5558033E-01  -8.3850252E-01   3.1303396E-01  -3.6609095E-01   3.0492464E-01  -4.5950431E-01  -4.2283303E-01   1.4160875E-01  -4.5057863E-01
  8.0646384E-01  -9.9710796E-01   9.9106689E-02  -5.2204517E-01  -3.1915402E-01   1.5498520E-01   6.4618224E-01   3.8639930E-01  -4.8494429E-02   1.3182888E-02   4.7461105E-01   7.7811945E-01  -7.7811945E-01  -9.9373443E-01  -6.6431528E-01  -9.0614465E-01  -9.9591956E-01  -9.8743411E-01  -9.8232754E-01  -9.1915519E-01   9.9323536E-01   9.8704993E-01   1.0000000E+00   8.7863910E-01   7.1122666E-01   8.0480690E-01   8.0480176E-01  -8.0395265E-01   2.2392338E-02  -9.3117856E-01   9.6731808E-01   6.9798142E-02   9.5680437E-01   6.3816187E-01   9.2610314E-01  -7.1750383E-01  -5.9501621E-01  -9.9373486E-01  -9.9373450E-01   9.9753237E-01   9.9615365E-01   5.0032864E-01   1.5224097E-01  -8.8600741E-02   9.7614536E-02  -8.8160513E-01  -8.3773793E-01   3.2989590E-01  -3.6976494E-01   3.0288824E-01  -5.0459802E-01  -4.4596258E-01   1.5790051E-01  -4.9348630E-01
  9.6587681E-01  -8.5612236E-01   8.2142092E-02  -5.2892145E-01  -4.1835152E-01   1.4911364E-01   7.3892686E-01   3.3812435E-01  -1.0387231E-01  -2.8456182E-02   4.4880332E-01   6.8664764E-01  -6.8664764E-01  -8.2382015E-01  -5.0380201E-01  -8.0821837E-01  -8.8448656E-01  -8.7816102E-01  -8.8336497E-01  -9.6684837E-01   9.0934592E-01   9.1978283E-01   8.7863910E-01   1.0000000E+00   9.4969102E-01   9.6714659E-01   9.6714186E-01  -9.6739409E-01  -1.2161045E-01  -9.7166226E-01   7.2899721E-01   4.4501272E-02   7.2246510E-01   9.0173585E-01   6.3537762E-01  -3.0699946E-01  -8.1440365E-01  -8.2382188E-01  -8.2382028E-01   8.4556679E-01   8.3484447E-01   3.4875638E-01   1.8910960E-01  -7.1254461E-03   1.8538205E-01  -8.0094212E-01  -7.6141320E-01   3.2151963E-01  -3.4693590E-01   1.5052841E-01  -5.0461620E-01  -3.3329810E-01   1.1899000E-01  -4.8688512E-01
  8.9967974E-01  -6.7022378E-01   2.3882199E-01  -4.7819032E-01  -5.1289776E-01   2.6200096E-01   6.8572230E-01   2.4934110E-01  -1.0727429E-01  -6.5872051E-02   3.5690202E-01   5.3578887E-01  -5.3578887E-01  -6.2949939E-01  -3.7276648E-01  -6.6776477E-01  -7.1452548E-01  -7.1538755E-01  -7.2642309E-01  -8.4851252E-01   7.5233432E-01   7.5778768E-01   7.1122666E-01   9.4969102E-01   1.0000000E+00   9.0347976E-01   9.0346962E-01  -9.0403313E-01  -2.3667673E-01  -8.5196996E-01   5.1744604E-01   2.0134408E-01   4.8523924E-01   8.9172496E-01   4.1351494E-01  -7.7100798E-02  -7.4767547E-01  -6.2950219E-01  -6.2949966E-01   6.6388623E-01   6.5120483E-01   2.9320216E-01   3.0432566E-01   2.2455362E-02   3.1825355E-01  -7.0582591E-01  -6.3606599E-01   3.0467339E-01  -2.7020100E-01  -1.5972561E-02  -5.1255853E-01  -2.1312852E-01   7.6407684E-02  -4.8310423E-01
  9.9989719E-01  -7.9461406E-01  -1.5380954E-01  -5.0174050E-01  -2.9928922E-01  -1.6466689E-02   7.2977579E-01   3.4955080E-01  -1.4293406E-01  -6.6687978E-04   4.3705695E-01   6.4687934E-01  -6.4687934E-01  -7.5351277E-01  -4.3887099E-01  -7.4448240E-01  -8.2216414E-01  -8.1350546E-01  -8.1993245E-01  -9.6491425E-01   8.5252904E-01   8.8170185E-01   8.0480690E-01   9.6714659E-01   9.0347976E-01   1.0000000E+00   9.9999997E-01  -9.9986952E-01  -6.6491454E-02  -9.6501347E-01   6.3825626E-01  -1.9152711E-01   6.7008487E-01   9.7022839E-01   5.2953317E-01  -1.7041520E-01  -9.3314045E-01  -7.5351392E-01  -7.5351257E-01   7.7106892E-01   7.5652106E-01   2.0893497E-01   3.8520883E-02   3.9051556E-02   6.4456392E-02  -6.9538826E-01  -7.0864750E-01   2.6390168E-01  -3.2568980E-01   1.8680192E-01  -3.7887692E-01  -2.9607011E-01   8.9857855E-02  -3.6923012E-01
  9.9989715E-01  -7.9461021E-01  -1.5383901E-01  -5.0172017E-01  -2.9928519E-01  -1.6500325E-02   7.2978107E-01   3.4955787E-01  -1.4295639E-01  -6.3907650E-04   4.3706432E-01   6.4688473E-01  -6.4688473E-01  -7.5350860E-01  -4.3885953E-01  -7.4447361E-01  -8.2216097E-01  -8.1349976E-01  -8.1992654E-01  -9.6491261E-01   8.5252444E-01   8.8169884E-01   8.0480176E-01   9.6714186E-01   9.0346962E-01   9.9999997E-01   1.0000000E+00  -9.9987008E-01  -6.6477506E-02  -9.6501206E-01   6.3825142E-01  -1.9155645E-01   6.7008480E-01   9.7023060E-01   5.2952775E-01  -1.7040868E-01  -9.3315051E-01  -7.5350976E-01  -7.5350840E-01   7.7106370E-01   7.5651563E-01   2.0891316E-01   3.8491829E-02   3.9061397E-02   6.4433716E-02  -6.9537183E-01  -7.0864006E-01   2.6389092E-01  -3.2571772E-01   1.8680903E-01  -3.7887714E-01  -2.9608575E-01   8.9880772E-02  -3.6923632E-01
 -9.9981495E-01   7.9353561E-01   1.5440848E-01   5.0393233E-01   2.9731074E-01   2.0258285E-02  -7.3112376E-01  -3.4970568E-01   1.3924684E-01   1.1718782E-03  -4.3770649E-01  -6.4696327E-01   6.4696327E-01   7.5235303E-01   4.3703756E-01   7.4321682E-01   8.2136554E-01   8.1248324E-01   8.1893264E-01   9.6444326E-01  -8.5160929E-01  -8.8080923E-01  -8.0395265E-01  -9.6739409E-01  -9.0403313E-01  -9.9986952E-01  -9.9987008E-01   1.0000000E+00   6.5999778E-02   9.6460745E-01  -6.3691278E-01   1.9212076E-01  -6.6883325E-01  -9.7062409E-01  -5.2805101E-01   1.6861366E-01   9.3372542E-01   7.5235417E-01   7.5235286E-01  -7.6991453E-01  -7.5534408E-01  -2.0618815E-01  -3.5743296E-02  -4.0400138E-02  -6.2546334E-02   6.9336615E-01   7.0761111E-01  -2.6375002E-01   3.2827212E-01  -1.8618805E-01   3.7860032E-01   2.9788737E-01  -9.0538150E-02   3.7002881E-01
 -6.1700816E-02  -5.3636264E-02  -2.9179497E-01  -1.0480656E-01   1.4917073E-01  -1.7328580E-01  -3.6922124E-02   7.2638368E-01   4.5254950E-02  -4.1077417E-02  -5.1967037E-01  -3.5027274E-01   3.5027274E-01  -6.4757631E-02  -5.0572832E-01  -3.2492930E-01  -2.9674867E-02  -1.5236389E-01  -1.6810602E-01   9.9880476E-02   7.3814163E-02   3.3018236E-02   2.2392338E-02  -1.2161045E-01  -2.3667673E-01  -6.6491454E-02  -6.6477506E-02   6.5999778E-02   1.0000000E+00   1.8690612E-02   9.6061768E-02  -2.8527280E-01   1.4227315E-01  -1.0114291E-01   1.1654617E-01  -1.6644785E-01   6.8149453E-03  -6.4755234E-02  -6.4756600E-02   5.5349514E-02   5.7131425E-02  -6.9578436E-01  -5.6565031E-01   8.3417135E-01  -3.9949274E-02  -1.0162401E-01  -4.3386679E-01  -1.6396174E-02   4.4803853E-01  -3.9759774E-01   5.3788144E-01   5.6496870E-01   1.5542343E-01   5.4502086E-01
 -9.6598648E-01   9.2590428E-01   7.8433860E-02   5.3496991E-01   3.0419763E-01  -3.6657928E-02  -7.2856012E-01  -3.8739392E-01   1.0948402E-01  -1.0574974E-02  -4.7801795E-01  -7.3990295E-01   7.3990295E-01   8.9942452E-01   5.6059103E-01   8.5237424E-01   9.4093948E-01   9.3127447E-01   9.3261849E-01   9.9496744E-01  -9.5764263E-01  -9.7440183E-01  -9.3117856E-01  -9.7166226E-01  -8.5196996E-01  -9.6501347E-01  -9.6501206E-01   9.6460745E-01   1.8690612E-02   1.0000000E+00  -8.1761712E-01   1.1413165E-01  -8.3696694E-01  -8.7315839E-01  -7.3324165E-01   4.2250724E-01   8.3952212E-01   8.9942528E-01   8.9942441E-01  -9.1050721E-01  -9.0093271E-01  -3.3859340E-01  -7.0280163E-02   1.3741911E-02  -6.3061923E-02   8.0549391E-01   8.0050716E-01  -3.0152080E-01   3.6357871E-01  -2.5987907E-01   4.4075650E-01   3.8100114E-01  -1.2350479E-01   4.3179375E-01
  6.4120931E-01  -9.7448053E-01   1.0846566E-01  -4.6858773E-01  -2.4245212E-01   1.5028669E-01   5.3396251E-01   3.7504622E-01  -1.2558095E-02   3.1765375E-02   4.4035988E-01   7.4948164E-01  -7.4948164E-01  -9.8698668E-01  -6.8613836E-01  -8.7091993E-01  -9.5801669E-01  -9.4967090E-01  -9.3969800E-01  -8.0250613E-01   9.4116379E-01   9.2584722E-01   9.6731808E-01   7.2899721E-01   5.1744604E-01   6.3825626E-01   6.3825142E-01  -6.3691278E-01   9.6061768E-02  -8.1761712E-01   1.0000000E+00   8.6438145E-02   9.8676533E-01   4.3356536E-01   9.9100844E-01  -8.6728338E-01  -4.1562396E-01  -9.8698641E-01  -9.8698671E-01   9.8130762E-01   9.8512307E-01   5.3382123E-01   1.2330750E-01  -1.2132928E-01   4.8138197E-02  -8.4119706E-01  -7.9792596E-01   3.0441474E-01  -3.4237418E-01   3.4973511E-01  -4.5691456E-01  -4.5872198E-01   1.6396136E-01  -4.4953368E-01
 -1.9789694E-01  -9.9579715E-03   9.9924404E-01  -4.9336889E-02  -5.2137218E-01   7.4441313E-01  -5.6037959E-02  -1.1492783E-01   1.0029532E-01  -1.2044272E-01  -1.0185100E-01  -5.8782476E-02   5.8782476E-02  -3.2066996E-02  -1.1852827E-01  -8.7365871E-02  -2.6918532E-02  -5.2471490E-02  -5.5701486E-02   1.3219628E-01   2.7435079E-02  -4.6135734E-02   6.9798142E-02   4.4501272E-02   2.0134408E-01  -1.9152711E-01  -1.9155645E-01   1.9212076E-01  -2.8527280E-01   1.1413165E-01   8.6438145E-02   1.0000000E+00  -7.6251913E-02  -2.5910742E-01   1.2935129E-01  -2.3304090E-01   4.9915944E-01  -3.2070227E-02  -3.2067931E-02   6.1373861E-02   7.2670178E-02   4.1983874E-01   6.6252902E-01  -1.0395616E-01   5.9363243E-01  -2.8291401E-01  -6.9365787E-02   1.6710068E-01   7.8975457E-02  -3.3718692E-01  -4.1756959E-01   5.8869252E-02   9.1165938E-03  -3.6497154E-01
  6.7407603E-01  -9.7371166E-01  -5.4077311E-02  -4.6075953E-01  -1.5785370E-01   2.9449913E-02   5.4372646E-01   3.9377534E-01  -2.9107859E-02   5.1533318E-02   4.5728483E-01   7.5967211E-01  -7.5967211E-01  -9.8261991E-01  -6.6746651E-01  -8.5745715E-01  -9.5445661E-01  -9.4194883E-01  -9.3143943E-01  -8.2482114E-01   9.3751570E-01   9.3418624E-01   9.5680437E-01   7.2246510E-01   4.8523924E-01   6.7008487E-01   6.7008480E-01  -6.6883325E-01   1.4227315E-01  -8.3696694E-01   9.8676533E-01  -7.6251913E-02   1.0000000E+00   4.7623925E-01   9.7076094E-01  -8.3000029E-01  -4.9733659E-01  -9.8261912E-01  -9.8261978E-01   9.7216386E-01   9.7414099E-01   4.6618340E-01   1.5906800E-02  -1.0469469E-01  -4.8228451E-02  -7.9598711E-01  -7.8730612E-01   2.7754548E-01  -3.5544600E-01   4.0494881E-01  -3.8962214E-01  -4.6872319E-01   1.6266167E-01  -3.9072068E-01
  9.6936402E-01  -6.2456317E-01  -2.2195250E-01  -4.4490988E-01  -2.6358724E-01  -7.6060153E-02   6.8599357E-01   2.9524398E-01  -1.6388681E-01  -1.0222876E-02   3.7189262E-01   5.2110683E-01  -5.2110683E-01  -5.7253040E-01  -2.9984742E-01  -5.9881289E-01  -6.6170664E-01  -6.5447425E-01  -6.6514549E-01  -8.7747821E-01   7.0266165E-01   7.4181425E-01   6.3816187E-01   9.0173585E-01   8.9172496E-01   9.7022839E-01   9.7023060E-01  -9.7062409E-01  -1.0114291E-01  -8.7315839E-01   4.3356536E-01  -2.5910742E-01   4.7623925E-01   1.0000000E+00   3.0910232E-01   7.2381488E-02  -9.6411700E-01  -5.7253179E-01  -5.7253018E-01   5.9458903E-01   5.7632692E-01   7.0204293E-02  -3.8747954E-03   8.7582859E-02   5.2504020E-02  -5.4721218E-01  -5.8031489E-01   2.0889490E-01  -2.7322878E-01   1.1067207E-01  -2.9338860E-01  -2.0271010E-01   4.7784567E-02  -2.8570549E-01
  5.3278329E-01  -9.3571419E-01   1.4707803E-01  -4.2854203E-01  -2.1625266E-01   1.6955533E-01   4.6152422E-01   3.5205053E-01   1.0822121E-02   3.5113931E-02   4.0950682E-01   7.1360231E-01  -7.1360231E-01  -9.5663948E-01  -6.7963308E-01  -8.3022291E-01  -9.1280538E-01  -9.0507033E-01  -8.9295778E-01  -7.1665313E-01   8.8893610E-01   8.6697774E-01   9.2610314E-01   6.3537762E-01   4.1351494E-01   5.2953317E-01   5.2952775E-01  -5.2805101E-01   1.1654617E-01  -7.3324165E-01   9.9100844E-01   1.2935129E-01   9.7076094E-01   3.0910232E-01   1.0000000E+00  -9.2607665E-01  -2.9557180E-01  -9.5663899E-01  -9.5663954E-01   9.4735528E-01   9.5409224E-01   5.5282132E-01   1.3035709E-01  -1.4108749E-01   4.2633382E-02  -8.0639802E-01  -7.5593234E-01   2.8997838E-01  -3.2076553E-01   3.5286296E-01  -4.3841583E-01  -4.5408714E-01   1.6558698E-01  -4.3180414E-01
 -1.7426211E-01   7.3354327E-01  -2.3684041E-01   2.7323866E-01   1.1667735E-01  -2.0453365E-01  -2.1095421E-01  -2.5373276E-01  -7.3458357E-02  -4.1633374E-02  -2.7940285E-01  -5.3980042E-01   5.3980042E-01   7.7612259E-01   5.9589111E-01   6.3391981E-01   6.9435488E-01   6.8960426E-01   6.7269049E-01   4.0330972E-01  -6.5337365E-01  -6.1501239E-01  -7.1750383E-01  -3.0699946E-01  -7.7100798E-02  -1.7041520E-01  -1.7040868E-01   1.6861366E-01  -1.6644785E-01   4.2250724E-01  -8.6728338E-01  -2.3304090E-01  -8.3000029E-01   7.2381488E-02  -9.2607665E-01   1.0000000E+00  -7.1084537E-02   7.7612150E-01   7.7612273E-01  -7.5744136E-01  -7.7171974E-01  -5.4863319E-01  -1.3384439E-01   1.8050928E-01  -2.0873516E-02   6.2782291E-01   5.6368278E-01  -2.1910364E-01   2.2504804E-01  -3.2688574E-01   3.3922521E-01   3.9362786E-01  -1.5080154E-01   3.3521660E-01
 -9.3431129E-01   6.0033549E-01   4.6541748E-01   3.9617332E-01   9.9974152E-02   2.6574471E-01  -6.4500704E-01  -3.0719360E-01   1.6705936E-01  -2.7421570E-02  -3.8375317E-01  -5.1941420E-01   5.1941420E-01   5.5004811E-01   2.6626071E-01   5.4674874E-01   6.2672214E-01   6.1152282E-01   6.1895577E-01   8.4795232E-01  -6.5997169E-01  -7.1390292E-01  -5.9501621E-01  -8.1440365E-01  -7.4767547E-01  -9.3314045E-01  -9.3315051E-01   9.3372542E-01   6.8149453E-03   8.3952212E-01  -4.1562396E-01   4.9915944E-01  -4.9733659E-01  -9.6411700E-01  -2.9557180E-01  -7.1084537E-02   1.0000000E+00   5.5004838E-01   5.5004768E-01  -5.6025238E-01  -5.4158704E-01   1.7726185E-02   1.7844497E-01  -9.1174711E-02   1.1891198E-01   4.4680438E-01   5.3022755E-01  -1.5731861E-01   2.8783878E-01  -2.1717425E-01   1.7168203E-01   2.2836024E-01  -5.7414126E-02   1.7992289E-01
 -7.5606717E-01   9.9788848E-01  -5.8733010E-02   5.0163888E-01   2.6647990E-01  -1.2361405E-01  -6.0843936E-01  -3.8962754E-01   4.1894958E-02  -2.7951855E-02  -4.6827849E-01  -7.7584243E-01   7.7584243E-01   1.0000000E+00   6.7649321E-01   8.9784499E-01   9.8932593E-01   9.8000400E-01   9.7269327E-01   8.8697768E-01  -9.8095663E-01  -9.7439353E-01  -9.9373486E-01  -8.2382188E-01  -6.2950219E-01  -7.5351392E-01  -7.5350976E-01   7.5235417E-01  -6.4755234E-02   8.9942528E-01  -9.8698641E-01  -3.2070227E-02  -9.8261912E-01  -5.7253179E-01  -9.5663899E-01   7.7612150E-01   5.5004838E-01   1.0000000E+00   1.0000000E+00  -9.9854362E-01  -9.9876965E-01  -5.0226388E-01  -1.1435328E-01   9.9616767E-02  -5.2960801E-02   8.6268068E-01   8.2750168E-01  -3.1593895E-01   3.6386271E-01  -3.4038250E-01   4.7235464E-01   4.5757315E-01  -1.5903032E-01   4.6433388E-01
 -7.5606589E-01   9.9788835E-01  -5.8730645E-02   5.0163740E-01   2.6647528E-01  -1.2361072E-01  -6.0843644E-01  -3.8962894E-01   4.1894153E-02  -2.7950756E-02  -4.6827844E-01  -7.7584249E-01   7.7584249E-01   1.0000000E+00   6.7649321E-01   8.9784450E-01   9.8932562E-01   9.8000360E-01   9.7269281E-01   8.8697675E-01  -9.8095606E-01  -9.7439307E-01  -9.9373450E-01  -8.2382028E-01  -6.2949966E-01  -7.5351257E-01  -7.5350840E-01   7.5235286E-01  -6.4756600E-02   8.9942441E-01  -9.8698671E-01  -3.2067931E-02  -9.8261978E-01  -5.7253018E-01  -9.5663954E-01   7.7612273E-01   5.5004768E-01   1.0000000E+00   1.0000000E+00  -9.9854340E-01  -9.9876946E-01  -5.0226331E-01  -1.1434991E-01   9.9618055E-02  -5.2956629E-02   8.6267905E-01   8.2750107E-01  -3.1593770E-01   3.6386544E-01  -3.4038442E-01   4.7235316E-01   4.5757576E-01  -1.5903062E-01   4.6433347E-01
  7.7320785E-01  -9.9824548E-01   8.9056847E-02  -5.1864407E-01  -2.9665720E-01   1.4799188E-01   6.2015380E-01   3.9645438E-01  -4.1535410E-02   1.9621377E-02   4.6435168E-01   7.7225723E-01  -7.7225723E-01  -9.9854340E-01  -6.7828715E-01  -9.0635314E-01  -9.9295683E-01  -9.8574821E-01  -9.7967278E-01  -8.9675986E-01   9.8780459E-01   9.7946229E-01   9.9753237E-01   8.4556679E-01   6.6388623E-01   7.7106892E-01   7.7106370E-01  -7.6991453E-01   5.5349514E-02  -9.1050721E-01   9.8130762E-01   6.1373861E-02   9.7216386E-01   5.9458903E-01   9.4735528E-01  -7.5744136E-01  -5.6025238E-01  -9.9854362E-01  -9.9854340E-01   1.0000000E+00   9.9973979E-01   4.9926294E-01   1.3351559E-01  -8.5932833E-02   8.0610591E-02  -8.7593630E-01  -8.3793644E-01   3.2045785E-01  -3.5432191E-01   3.1471910E-01  -4.8071727E-01  -4.4116683E-01   1.5415572E-01  -4.7000591E-01
  7.5868967E-01  -9.9701332E-01   9.9791559E-02  -5.1450721E-01  -2.9589707E-01   1.5473107E-01   6.1143169E-01   3.9370423E-01  -3.7627078E-02   1.9852725E-02   4.6164904E-01   7.7037057E-01  -7.7037057E-01  -9.9876945E-01  -6.8079524E-01  -9.0441767E-01  -9.9071847E-01  -9.8357645E-01  -9.7711496E-01  -8.8687325E-01   9.8433305E-01   9.7462550E-01   9.9615365E-01   8.3484447E-01   6.5120483E-01   7.5652106E-01   7.5651563E-01  -7.5534408E-01   5.7131425E-02  -9.0093271E-01   9.8512307E-01   7.2670178E-02   9.7414099E-01   5.7632692E-01   9.5409224E-01  -7.7171974E-01  -5.4158704E-01  -9.9876965E-01  -9.9876946E-01   9.9973979E-01   1.0000000E+00   5.0705315E-01   1.3826970E-01  -9.0660825E-02   8.2362510E-02  -8.7571726E-01  -8.3528322E-01   3.2058365E-01  -3.5294893E-01   3.1588145E-01  -4.8240983E-01  -4.4310433E-01   1.5550065E-01  -4.7161078E-01
  2.0723545E-01  -4.8408401E-01   4.2967386E-01  -1.6587525E-02  -3.2008860E-01   4.5523271E-01   1.8008567E-01  -4.1572637E-01   7.5042441E-03   2.8256912E-02   5.3289156E-01   6.0826702E-01  -6.0826702E-01  -5.0226222E-01  -8.8892689E-02  -2.3542133E-01  -4.7012751E-01  -3.8675036E-01  -3.6462226E-01  -3.9059088E-01   4.1845099E-01   4.2388884E-01   5.0032864E-01   3.4875638E-01   2.9320216E-01   2.0893497E-01   2.0891316E-01  -2.0618815E-01  -6.9578436E-01  -3.3859340E-01   5.3382123E-01   4.1983874E-01   4.6618340E-01   7.0204293E-02   5.5282132E-01  -5.4863319E-01   1.7726185E-02  -5.0226388E-01  -5.0226331E-01   4.9926294E-01   5.0705315E-01   1.0000000E+00   6.9292991E-01  -7.8073510E-01   2.0063411E-01  -4.4696412E-01  -1.0106957E-01   2.1469451E-01  -4.8446223E-01   4.4145220E-01  -7.5309572E-01  -6.7683285E-01   6.7280210E-02  -7.3864766E-01
  3.2375342E-02  -1.0874412E-01   6.6953013E-01   2.2154177E-01  -5.8763485E-01   8.8184968E-01   2.5685243E-01  -5.1758745E-01  -2.8607049E-02  -4.0935531E-02  -7.7762686E-02   1.4783279E-04  -1.4783279E-04  -1.1434942E-01  -1.8496161E-01  -1.3592744E-01  -8.9549091E-02  -1.1072538E-01  -1.0848458E-01  -1.0793645E-01   1.0902752E-01   8.8149728E-02   1.5224097E-01   1.8910960E-01   3.0432566E-01   3.8520883E-02   3.8491829E-02  -3.5743296E-02  -5.6565031E-01  -7.0280163E-02   1.2330750E-01   6.6252902E-01   1.5906800E-02  -3.8747954E-03   1.3035709E-01  -1.3384439E-01   1.7844497E-01  -1.1435328E-01  -1.1434991E-01   1.3351559E-01   1.3826970E-01   6.9292991E-01   1.0000000E+00  -3.0774167E-01   8.0242594E-01  -4.3887917E-01  -8.5897123E-02   2.9138429E-01  -1.2391873E-02  -2.6594787E-01  -7.2103653E-01  -5.2667682E-02   1.3558548E-01  -6.2123328E-01
  3.9419092E-02   8.8021042E-02  -1.0305313E-01  -9.5286429E-02  -6.7064327E-02   3.7754421E-02   2.1380880E-01   5.5486967E-01  -2.7732482E-02  -5.7449354E-02  -6.9231495E-01  -5.4583431E-01   5.4583431E-01   9.9616619E-02  -4.7450551E-01  -2.8763407E-01   9.5820276E-02  -5.9403740E-02  -8.7098399E-02   8.5373767E-02  -8.4680279E-03  -5.0335819E-02  -8.8600741E-02  -7.1254461E-03   2.2455362E-02   3.9051556E-02   3.9061397E-02  -4.0400138E-02   8.3417135E-01   1.3741911E-02  -1.2132928E-01  -1.0395616E-01  -1.0469469E-01   8.7582859E-02  -1.4108749E-01   1.8050928E-01  -9.1174711E-02   9.9616767E-02   9.9618055E-02  -8.5932833E-02  -9.0660825E-02  -7.8073510E-01  -3.0774167E-01   1.0000000E+00   3.2082661E-01  -1.4696788E-01  -4.2681152E-01   6.5542469E-02   6.0714154E-01  -7.1944349E-01   4.2415503E-01   8.0904202E-01   1.0680849E-01   4.8431249E-01
  5.8567357E-02  -5.4686327E-02   6.0122353E-01   1.5986560E-01  -6.2725668E-01   9.0108132E-01   3.9171002E-01  -1.6727681E-01  -4.5796477E-02  -7.6946311E-02  -5.1066960E-01  -3.4073544E-01   3.4073544E-01  -5.2957045E-02  -4.8261848E-01  -3.1705339E-01  -3.0665994E-02  -1.4902841E-01  -1.6415315E-01  -5.5669211E-02   1.0486163E-01   5.7881653E-02   9.7614536E-02   1.8538205E-01   3.1825355E-01   6.4456392E-02   6.4433716E-02  -6.2546334E-02  -3.9949274E-02  -6.3061923E-02   4.8138197E-02   5.9363243E-01  -4.8228451E-02   5.2504020E-02   4.2633382E-02  -2.0873516E-02   1.1891198E-01  -5.2960801E-02  -5.2956629E-02   8.0610591E-02   8.2362510E-02   2.0063411E-01   8.0242594E-01   3.2082661E-01   1.0000000E+00  -5.3031077E-01  -3.5443807E-01   3.3129838E-01   3.6706803E-01  -7.1545101E-01  -4.5426475E-01   4.5355652E-01   2.0268407E-01  -3.1704282E-01
 -6.9516583E-01   8.6511790E-01  -3.1009594E-01   3.5435965E-01   4.7300191E-01  -5.2285364E-01  -7.0914505E-01  -3.0498916E-01   8.3130832E-02   2.9946008E-02  -7.1243367E-02  -4.3237844E-01   4.3237844E-01   8.6267893E-01   8.6092850E-01   9.4886747E-01   8.4463955E-01   9.1145405E-01   9.1576080E-01   7.8548961E-01  -8.8441303E-01  -8.5558033E-01  -8.8160513E-01  -8.0094212E-01  -7.0582591E-01  -6.9538826E-01  -6.9537183E-01   6.9336615E-01  -1.0162401E-01   8.0549391E-01  -8.4119706E-01  -2.8291401E-01  -7.9598711E-01  -5.4721218E-01  -8.0639802E-01   6.2782291E-01   4.4680438E-01   8.6268068E-01   8.6267905E-01  -8.7593630E-01  -8.7571726E-01  -4.4696412E-01  -4.3887917E-01  -1.4696788E-01  -5.3031077E-01   1.0000000E+00   9.1944452E-01  -4.1007311E-01   8.7220202E-02   1.1809195E-01   5.7954292E-01   1.1007366E-01  -2.1574316E-01   5.0668370E-01
