  1.0000000E+00   2.8809397E-01   7.3300594E-01   9.1904612E-02   2.6003154E-03   2.6907821E-01   1.0613848E-01   1.7890709E-02  -3.4178983E-02   6.4416605E-01   6.4005031E-02  -6.4005031E-02   4.5962733E-01   5.3001947E-01  -2.8025729E-02  -3.6816235E-02  -3.2764298E-02  -1.2614426E-01  -9.6415657E-01   2.5651855E-01   3.6932576E-01   3.7379293E-02   8.6127044E-01   9.3136817E-01   9.9396134E-01   9.9395999E-01  -9.6858548E-01  -8.5036723E-01  -9.4224189E-01  -6.8042882E-01   7.1715068E-01  -7.3851143E-01   9.8510942E-01  -7.6132746E-01   8.5232507E-01  -9.2143945E-01   4.5962737E-01   4.5978653E-01  -2.8785474E-01  -3.4499393E-01   1.8961595E-01   7.9735114E-01  -7.3796471E-01   2.6080681E-01  -7.7684002E-02  -1.7801927E-02   2.1945759E-01   8.1320290E-02  -1.8891725E-02  -1.6750810E-01   1.3425635E-02   1.7505865E-01  -1.3962785E-01
  2.8809397E-01   1.0000000E+00   3.5439287E-01  -1.7923303E-01   2.5763793E-03  -4.6230757E-01  -6.2488024E-01  -1.1688053E-02   4.8846103E-02   7.5263872E-01  -7.0538230E-01   7.0538230E-01   9.8287371E-01   9.5195177E-01   9.2964383E-01   9.3539250E-01   9.3492639E-01   8.9521813E-01  -7.2237733E-02  -8.2210502E-01  -7.7911906E-01  -8.4812122E-01   3.8025370E-01   4.7577305E-01   3.0923429E-01   3.0923685E-01  -3.3935728E-01  -7.0420068E-01   1.5042836E-02  -8.9514440E-01   3.5183198E-01  -8.4010859E-01   4.2993202E-01  -8.3517828E-01   7.4414708E-01  -4.1179359E-01   9.8287370E-01   9.8284003E-01  -9.8794113E-01  -9.8549511E-01  -1.2180424E-01   6.3465500E-01  -8.0586668E-01  -2.2141294E-01   9.1174262E-01   9.2923025E-01  -1.4606813E-02   4.4218053E-02  -5.5021478E-02   1.9477336E-01  -3.8879308E-02   6.0733507E-02   1.3135654E-01
  7.3300594E-01   3.5439287E-01   1.0000000E+00   7.1456580E-02  -1.6174502E-02   1.5915587E-01   3.0720834E-01   9.3972656E-03  -5.3900489E-02   5.5665963E-01  -6.8721363E-02   6.8721363E-02   4.6973491E-01   5.1261105E-01   2.5703356E-02   3.5968662E-02   3.1165414E-02  -5.5116119E-02  -6.4303355E-01   1.4628127E-01   1.4203135E-01   7.9934819E-02   8.3201164E-01   8.9356697E-01   7.3808238E-01   7.3808262E-01  -7.3697566E-01  -8.1074052E-01  -6.5621817E-01  -6.0652334E-01   9.9973250E-01  -7.3596390E-01   7.4980201E-01  -6.5536811E-01   7.0328394E-01  -5.1547344E-01   4.6973488E-01   4.6988313E-01  -2.9727356E-01  -3.3578934E-01   1.7706283E-01   6.7443278E-01  -6.4603456E-01   1.8223859E-01  -6.1599174E-03   2.9221559E-02   1.7460058E-01   4.4112833E-02   7.9899050E-04  -1.0327175E-01  -1.9619767E-02   3.3359335E-02  -9.0913178E-02
  9.1904612E-02  -1.7923303E-01   7.1456580E-02   1.0000000E+00  -5.8402492E-01   1.9460950E-01   2.5679624E-01  -8.8805487E-02  -1.2023596E-01  -3.3629703E-01  -1.9376924E-01   1.9376924E-01  -1.4854056E-01  -2.1109458E-01  -2.7081965E-01  -1.9923756E-01  -2.3343746E-01  -2.4128657E-01  -1.1713017E-01   2.2830047E-01   2.3408085E-01   1.8155212E-01   3.5289109E-02   4.3787142E-02   7.5835692E-02   7.5833702E-02  -5.0721238E-02   8.2296082E-03  -1.3358497E-01   9.5643094E-02   7.0498260E-02   6.6709274E-02   5.0620382E-02   7.2352219E-02  -3.8897084E-02  -1.2206749E-02  -1.4854055E-01  -1.4851720E-01   1.8280739E-01   1.7418186E-01  -1.2316844E-02  -1.1752703E-01   4.4433009E-02  -1.7109000E-01  -2.3834556E-01  -2.7063833E-01   3.0679883E-03   2.3979498E-02   2.9393473E-01   1.6419032E-01  -2.4314513E-01  -1.4567827E-01   1.7913285E-01
  2.6003154E-03   2.5763793E-03  -1.6174502E-02  -5.8402492E-01   1.0000000E+00  -2.6996953E-01  -1.6094113E-01   6.2692392E-02   4.1445981E-02  -1.4276484E-02  -1.7223759E-02   1.7223759E-02   2.8897689E-03  -1.0968772E-03  -1.9454983E-04   5.7750583E-03   2.9158414E-03  -2.6188124E-04  -2.2020837E-02   1.4728097E-02   7.4617032E-03   3.1330301E-02   3.2320523E-02   8.3364197E-03   1.6087999E-02   1.6089941E-02  -3.0658343E-02   8.0942256E-03  -2.4538108E-02   2.5054631E-05  -1.6700495E-02   2.6819136E-03   1.0935639E-02  -3.8608225E-03   8.6289887E-03  -3.7073282E-02   2.8897836E-03   2.9088065E-03   6.0756231E-03   4.3213855E-03   3.6820705E-01   2.1177683E-01  -3.8695915E-02   3.7385881E-01  -4.6788128E-02   4.4959803E-03   1.7354296E-01   2.1786750E-01  -6.1068401E-01  -3.5471752E-01   1.6509672E-01   1.0159959E-01  -4.8338166E-01
  2.6907821E-01  -4.6230757E-01   1.5915587E-01   1.9460950E-01  -2.6996953E-01   1.0000000E+00   4.2854798E-01  -5.7491804E-03  -6.1898181E-02  -1.9486017E-01   3.8672421E-01  -3.8672421E-01  -3.7697803E-01  -3.4040217E-01  -5.5179234E-01  -5.5728763E-01  -5.5587286E-01  -5.6481402E-01  -3.8346804E-01   5.3850338E-01   5.9871670E-01   4.8375933E-01   1.2235380E-01   1.3819082E-01   2.3838359E-01   2.3838008E-01  -1.9121128E-01  -1.6607316E-02  -3.9841516E-01   2.2366187E-01   1.5510813E-01   1.5771709E-01   1.6891641E-01   1.5797582E-01  -6.7672027E-02  -1.1322005E-01  -3.7697807E-01  -3.7709047E-01   4.3704259E-01   4.1427802E-01   2.5993431E-01   1.5855677E-01   2.0368452E-01   7.3629101E-01  -6.2600270E-01  -5.4646850E-01   2.2434727E-01   2.9167476E-02  -9.3506056E-03  -5.4671099E-01   2.6564625E-01   1.5060817E-01  -3.7291993E-01
  1.0613848E-01  -6.2488024E-01   3.0720834E-01   2.5679624E-01  -1.6094113E-01   4.2854798E-01   1.0000000E+00  -1.2420178E-02  -6.5341636E-02  -3.5722414E-01   5.0003695E-01  -5.0003695E-01  -5.5910930E-01  -5.1862464E-01  -7.6208401E-01  -7.5464910E-01  -7.5995028E-01  -7.7138841E-01  -2.1438564E-01   7.2615076E-01   6.7483944E-01   7.3992725E-01   1.0766887E-01   8.6182189E-02   8.3526990E-02   8.3523124E-02  -4.6454489E-02   1.5982858E-01  -2.9933056E-01   4.3157978E-01   3.1256975E-01   3.0123230E-01  -4.9623513E-03   3.6516077E-01  -2.6730877E-01   1.6567951E-01  -5.5910936E-01  -5.5903504E-01   6.5692883E-01   6.4027746E-01  -1.0957388E-04  -2.7169527E-01   3.7467209E-01   1.4852531E-01  -7.4520614E-01  -7.6332771E-01   4.3057116E-02  -2.8268733E-02   7.9162869E-02  -1.2310909E-01   6.3159478E-02  -1.9318591E-01  -5.1240063E-02
  1.7890709E-02  -1.1688053E-02   9.3972656E-03  -8.8805487E-02   6.2692392E-02  -5.7491804E-03  -1.2420178E-02   1.0000000E+00  -1.6509029E-02   3.5447224E-02   6.2304105E-02  -6.2304105E-02  -7.3969374E-03   5.7309415E-03  -1.1002328E-02  -1.9987013E-02  -1.5811243E-02  -1.7833059E-02  -2.0874731E-02   2.5959365E-02   2.5689894E-02   2.0788316E-02   1.6768708E-02   1.0259120E-02   1.8373397E-02   1.8372910E-02  -1.8709260E-02  -5.1762366E-03  -2.3730143E-02   1.4662955E-03   9.0461208E-03  -1.0065847E-03   1.5656492E-02  -1.9966231E-03   5.8598975E-03  -1.5585868E-02  -7.3970034E-03  -7.3958569E-03   1.4495466E-02   1.2648974E-02   2.8578846E-02   1.3930130E-02  -6.2862667E-03   1.7823275E-02  -1.3523988E-02  -1.0394715E-02  -5.4113765E-03  -1.8045907E-02  -7.8098720E-03  -2.5522319E-02  -3.1483219E-03   8.7591710E-03  -2.7119625E-02
 -3.4178983E-02   4.8846103E-02  -5.3900489E-02  -1.2023596E-01   4.1445981E-02  -6.1898181E-02  -6.5341636E-02  -1.6509029E-02   1.0000000E+00   5.5498459E-02   1.1643917E-02  -1.1643917E-02   3.8724266E-02   4.7809040E-02   7.4545559E-02   6.2092356E-02   6.8133463E-02   7.0810163E-02   4.1439512E-02  -6.4978176E-02  -6.5943999E-02  -6.9011728E-02  -3.5518953E-02  -3.0298804E-02  -3.1217955E-02  -3.1217283E-02   3.0420190E-02   1.2711617E-02   4.8470896E-02  -1.9167277E-02  -5.4223116E-02  -4.2059503E-03  -2.4715755E-02  -1.1061768E-02   3.5684867E-03   4.7999401E-03   3.8724173E-02   3.8761710E-02  -4.6769259E-02  -4.3628444E-02  -3.3637592E-02  -7.4976931E-03  -6.8739895E-03  -3.3786606E-02   7.5183448E-02   7.4533394E-02   7.6998708E-03  -1.0458857E-02  -7.5840697E-03  -5.8185063E-03   3.2149714E-04   1.1355722E-02  -8.6595926E-03
  6.4416605E-01   7.5263872E-01   5.5665963E-01  -3.3629703E-01  -1.4276484E-02  -1.9486017E-01  -3.5722414E-01   3.5447224E-02   5.5498459E-02   1.0000000E+00  -9.3735237E-02   9.3735237E-02   8.2198498E-01   9.0530404E-01   6.1278012E-01   5.4692958E-01   5.7928037E-01   5.1435274E-01  -5.0229083E-01  -3.9886853E-01  -3.1455925E-01  -4.9767867E-01   6.4689968E-01   7.2935213E-01   6.5778680E-01   6.5778819E-01  -6.7071648E-01  -8.4781935E-01  -4.3514156E-01  -8.7344693E-01   5.4755510E-01  -8.6552387E-01   7.2778604E-01  -8.7486287E-01   8.5984245E-01  -6.9529284E-01   8.2198502E-01   8.2205359E-01  -7.5223575E-01  -7.7730863E-01   1.4232987E-01   7.5555375E-01  -9.0173645E-01  -1.4928274E-01   5.7671903E-01   6.2446441E-01  -1.4005222E-03  -1.4762306E-01   2.4996066E-01   1.2095047E-01  -2.2736032E-01   1.6568395E-01   1.1839744E-01
  6.4005031E-02  -7.0538230E-01  -6.8721363E-02  -1.9376924E-01  -1.7223759E-02   3.8672421E-01   5.0003695E-01   6.2304105E-02   1.1643917E-02  -9.3735237E-02   1.0000000E+00  -1.0000000E+00  -6.4187778E-01  -5.0084714E-01  -6.7914516E-01  -7.7318391E-01  -7.3071420E-01  -7.2415582E-01  -2.2862566E-01   7.2236870E-01   7.2304316E-01   6.8246762E-01  -5.2369523E-02  -1.0302742E-01   4.5870860E-02   4.5868602E-02  -1.6561711E-02   2.9138336E-01  -2.8927982E-01   5.0959964E-01  -7.1357181E-02   4.4987033E-01  -5.2389014E-02   4.3858579E-01  -3.3795103E-01   5.3057645E-02  -6.4187773E-01  -6.4178134E-01   6.9727030E-01   6.7901362E-01   3.1936073E-01  -2.8506708E-01   3.4732084E-01   6.3536509E-02  -6.8004401E-01  -6.6656551E-01  -6.5177365E-02  -3.0843111E-01   4.2589249E-01  -9.7116585E-02  -2.5061004E-01   6.0068359E-02  -1.1360646E-02
 -6.4005031E-02   7.0538230E-01   6.8721363E-02   1.9376924E-01   1.7223759E-02  -3.8672421E-01  -5.0003695E-01  -6.2304105E-02  -1.1643917E-02   9.3735237E-02  -1.0000000E+00   1.0000000E+00   6.4187778E-01   5.0084714E-01   6.7914516E-01   7.7318391E-01   7.3071420E-01   7.2415582E-01   2.2862566E-01  -7.2236870E-01  -7.2304316E-01  -6.8246762E-01   5.2369523E-02   1.0302742E-01  -4.5870860E-02  -4.5868602E-02   1.6561711E-02  -2.9138336E-01   2.8927982E-01  -5.0959964E-01   7.1357181E-02  -4.4987033E-01   5.2389014E-02  -4.3858579E-01   3.3795103E-01  -5.3057645E-02   6.4187773E-01   6.4178134E-01  -6.9727030E-01  -6.7901362E-01  -3.1936073E-01   2.8506708E-01  -3.4732084E-01  -6.3536509E-02   6.8004401E-01   6.6656551E-01   6.5177365E-02   3.0843111E-01  -4.2589249E-01   9.7116585E-02   2.5061004E-01  -6.0068359E-02   1.1360646E-02
  4.5962733E-01   9.8287371E-01   4.6973491E-01  -1.4854056E-01   2.8897689E-03  -3.7697803E-01  -5.5910930E-01  -7.3969374E-03   3.8724266E-02   8.2198498E-01  -6.4187778E-01   6.4187778E-01   1.0000000E+00   9.8486821E-01   8.5678915E-01   8.6042902E-01   8.6077649E-01   8.0597975E-01  -2.5253742E-01  -7.1308306E-01  -6.5150792E-01  -7.7938242E-01   5.1840224E-01   6.2047963E-01   4.7807148E-01   4.7807359E-01  -5.0112521E-01  -8.1674317E-01  -1.6737329E-01  -9.6112785E-01   4.6430869E-01  -9.2126320E-01   5.8830708E-01  -9.2108138E-01   8.5416758E-01  -5.5923228E-01   1.0000000E+00   9.9999941E-01  -9.7164386E-01  -9.8037117E-01  -7.6475809E-02   7.4204181E-01  -8.8940089E-01  -1.5515618E-01   8.3063077E-01   8.5837305E-01   2.8685313E-02   5.6658540E-02  -5.4664286E-02   1.4840403E-01  -3.3474270E-02   9.0014346E-02   9.4954454E-02
  5.3001947E-01   9.5195177E-01   5.1261105E-01  -2.1109458E-01  -1.0968772E-03  -3.4040217E-01  -5.1862464E-01   5.7309415E-03   4.7809040E-02   9.0530404E-01  -5.0084714E-01   5.0084714E-01   9.8486821E-01   1.0000000E+00   8.1533653E-01   7.9839693E-01   8.0829597E-01   7.4790031E-01  -3.3023949E-01  -6.4307577E-01  -5.7443559E-01  -7.3421214E-01   5.6277504E-01   6.7343516E-01   5.4477685E-01   5.4477852E-01  -5.6169465E-01  -8.5331237E-01  -2.4781478E-01  -9.6830743E-01   5.0596894E-01  -9.3629484E-01   6.4782196E-01  -9.3812602E-01   8.8561582E-01  -6.1223386E-01   9.8486822E-01   9.8488778E-01  -9.3856076E-01  -9.5211394E-01  -1.6798724E-02   7.7107140E-01  -9.2263192E-01  -1.6271463E-01   7.8591610E-01   8.1988114E-01   1.6766760E-02  -2.9607808E-03   3.4013025E-02   1.4722677E-01  -9.3085926E-02   1.1328251E-01   1.0644082E-01
 -2.8025729E-02   9.2964383E-01   2.5703356E-02  -2.7081965E-01  -1.9454983E-04  -5.5179234E-01  -7.6208401E-01  -1.1002328E-02   7.4545559E-02   6.1278012E-01  -6.7914516E-01   6.7914516E-01   8.5678915E-01   8.1533653E-01   1.0000000E+00   9.9029899E-01   9.9728192E-01   9.9274585E-01   2.2183002E-01  -9.5999065E-01  -9.2442098E-01  -9.1188701E-01   8.5517246E-02   1.4660706E-01  -1.9655549E-03  -1.9621757E-03  -4.0395141E-02  -4.3177774E-01   3.1728253E-01  -7.0034772E-01   2.5656659E-02  -6.0302842E-01   1.2419865E-01  -6.1327194E-01   4.8781184E-01  -1.7484509E-01   8.5678916E-01   8.5665687E-01  -9.3906304E-01  -9.1844897E-01  -1.3903155E-01   4.0192568E-01  -6.0443427E-01  -3.1950001E-01   9.9136926E-01   9.9950340E-01  -9.6579691E-02  -2.3018736E-02   1.3068482E-02   2.5369367E-01  -8.9372461E-02   4.1323461E-02   1.8775485E-01
 -3.6816235E-02   9.3539250E-01   3.5968662E-02  -1.9923756E-01   5.7750583E-03  -5.5728763E-01  -7.5464910E-01  -1.9987013E-02   6.2092356E-02   5.4692958E-01  -7.7318391E-01   7.7318391E-01   8.6042902E-01   7.9839693E-01   9.9029899E-01   1.0000000E+00   9.9784481E-01   9.9224112E-01   2.3555053E-01  -9.6163515E-01  -9.3311230E-01  -9.1479589E-01   8.3973403E-02   1.4601704E-01  -1.0596363E-02  -1.0592974E-02  -3.1820815E-02  -4.2611072E-01   3.2840506E-01  -6.9975619E-01   3.6460668E-02  -6.0479527E-01   1.1668784E-01  -6.1129686E-01   4.8427851E-01  -1.6020079E-01   8.6042901E-01   8.6030294E-01  -9.4013417E-01  -9.1900902E-01  -1.8393369E-01   3.9711762E-01  -5.8664994E-01  -2.9455848E-01   9.8430240E-01   9.8727805E-01  -7.4864333E-02   3.5456321E-02  -6.9247128E-02   2.4192710E-01  -3.2581429E-02   2.2901620E-02   1.6692035E-01
 -3.2764298E-02   9.3492639E-01   3.1165414E-02  -2.3343746E-01   2.9158414E-03  -5.5587286E-01  -7.5995028E-01  -1.5811243E-02   6.8133463E-02   5.7928037E-01  -7.3071420E-01   7.3071420E-01   8.6077649E-01   8.0829597E-01   9.9728192E-01   9.9784481E-01   1.0000000E+00   9.9489736E-01   2.2964570E-01  -9.6323726E-01  -9.3128414E-01  -9.1565913E-01   8.4867960E-02   1.4661999E-01  -6.5655242E-03  -6.5621329E-03  -3.5916305E-02  -4.2981766E-01   3.2396964E-01  -7.0172252E-01   3.1403569E-02  -6.0540955E-01   1.2050018E-01  -6.1369905E-01   4.8710383E-01  -1.6749371E-01   8.6077649E-01   8.6064708E-01  -9.4192240E-01  -9.2098439E-01  -1.6312846E-01   4.0040001E-01  -5.9644395E-01  -3.0689200E-01   9.9000360E-01   9.9544874E-01  -8.5371896E-02   7.7785157E-03  -3.0616551E-02   2.4792455E-01  -5.9420521E-02   3.1682370E-02   1.7702017E-01
 -1.2614426E-01   8.9521813E-01  -5.5116119E-02  -2.4128657E-01  -2.6188124E-04  -5.6481402E-01  -7.7138841E-01  -1.7833059E-02   7.0810163E-02   5.1435274E-01  -7.2415582E-01   7.2415582E-01   8.0597975E-01   7.4790031E-01   9.9274585E-01   9.9224112E-01   9.9489736E-01   1.0000000E+00   3.1457867E-01  -9.8313107E-01  -9.5597964E-01  -9.1373687E-01  -2.5833360E-03   5.0192031E-02  -9.9810168E-02  -9.9806711E-02   5.5438689E-02  -3.4267469E-01   4.0852561E-01  -6.2961822E-01  -5.3824576E-02  -5.2527683E-01   2.6596067E-02  -5.3508076E-01   4.0078729E-01  -8.6714824E-02   8.0597975E-01   8.0582511E-01  -9.0734447E-01  -8.8125383E-01  -1.7044275E-01   3.2462182E-01  -5.2134322E-01  -3.2076522E-01   9.8815599E-01   9.9053544E-01  -1.0272167E-01  -2.6736325E-03  -2.3040807E-02   2.5537559E-01  -6.2012167E-02   2.1565603E-02   1.8490142E-01
 -9.6415657E-01  -7.2237733E-02  -6.4303355E-01  -1.1713017E-01  -2.2020837E-02  -3.8346804E-01  -2.1438564E-01  -2.0874731E-02   4.1439512E-02  -5.0229083E-01  -2.2862566E-01   2.2862566E-01  -2.5253742E-01  -3.3023949E-01   2.2183002E-01   2.3555053E-01   2.2964570E-01   3.1457867E-01   1.0000000E+00  -4.3016468E-01  -5.4718844E-01  -2.5765150E-01  -8.4103553E-01  -8.5094177E-01  -9.6733087E-01  -9.6733055E-01   9.5156602E-01   7.1800370E-01   9.9250804E-01   5.0536291E-01  -6.2641278E-01   5.7100824E-01  -9.2726630E-01   6.0541100E-01  -7.1693370E-01   9.0029463E-01  -2.5253746E-01  -2.5269191E-01   8.8989190E-02   1.4938667E-01  -2.4794055E-01  -6.9068037E-01   5.9203236E-01  -3.3257064E-01   2.7296021E-01   2.1010896E-01  -2.3650416E-01  -7.3367346E-02   9.7974511E-03   2.3625155E-01  -1.8310556E-02  -1.6929431E-01   1.9283743E-01
  2.5651855E-01  -8.2210502E-01   1.4628127E-01   2.2830047E-01   1.4728097E-02   5.3850338E-01   7.2615076E-01   2.5959365E-02  -6.4978176E-02  -3.9886853E-01   7.2236870E-01  -7.2236870E-01  -7.1308306E-01  -6.4307577E-01  -9.5999065E-01  -9.6163515E-01  -9.6323726E-01  -9.8313107E-01  -4.3016468E-01   1.0000000E+00   9.7784881E-01   8.8186281E-01   1.1435967E-01   7.4820702E-02   2.3089443E-01   2.3089108E-01  -1.8499239E-01   2.2417934E-01  -5.2148696E-01   5.1666233E-01   1.4270071E-01   4.0940263E-01   1.0760324E-01   4.1430912E-01  -2.7119513E-01  -4.3127383E-02  -7.1308307E-01  -7.1284593E-01   8.4297722E-01   8.0935788E-01   1.7452183E-01  -2.2039966E-01   4.0225787E-01   3.0772422E-01  -9.5592796E-01  -9.5734516E-01   1.1223417E-01   7.2613908E-03   2.5466313E-02  -2.4148640E-01   4.6882555E-02   3.8127745E-03  -1.7705620E-01
  3.6932576E-01  -7.7911906E-01   1.4203135E-01   2.3408085E-01   7.4617032E-03   5.9871670E-01   6.7483944E-01   2.5689894E-02  -6.5943999E-02  -3.1455925E-01   7.2304316E-01  -7.2304316E-01  -6.5150792E-01  -5.7443559E-01  -9.2442098E-01  -9.3311230E-01  -9.3128414E-01  -9.5597964E-01  -5.4718844E-01   9.7784881E-01   1.0000000E+00   8.3719525E-01   1.7825576E-01   1.4547102E-01   3.4168086E-01   3.4167720E-01  -2.9122306E-01   1.3470639E-01  -6.2131873E-01   4.2884838E-01   1.3451820E-01   3.3584699E-01   2.1957829E-01   3.1915695E-01  -1.6897547E-01  -1.8601949E-01  -6.5150789E-01  -6.5134973E-01   7.8033873E-01   7.4093025E-01   2.2455410E-01  -1.0723778E-01   3.0725934E-01   3.6588411E-01  -9.3502033E-01  -9.1832626E-01   1.4778826E-01   1.3269442E-02   3.3081463E-02  -2.8545277E-01   4.5999620E-02   4.6069632E-02  -2.1099146E-01
  3.7379293E-02  -8.4812122E-01   7.9934819E-02   1.8155212E-01   3.1330301E-02   4.8375933E-01   7.3992725E-01   2.0788316E-02  -6.9011728E-02  -4.9767867E-01   6.8246762E-01  -6.8246762E-01  -7.7938242E-01  -7.3421214E-01  -9.1188701E-01  -9.1479589E-01  -9.1565913E-01  -9.1373687E-01  -2.5765150E-01   8.8186281E-01   8.3719525E-01   1.0000000E+00   1.1925281E-01  -6.0981773E-02   5.0289386E-02   5.0290341E-02  -5.9177876E-02   3.4143311E-01  -3.5351854E-01   6.1820609E-01   8.1910469E-02   5.0512351E-01  -7.4631602E-02   5.2799885E-01  -4.1998306E-01   1.1134939E-01  -7.7938244E-01  -7.7925227E-01   8.4239046E-01   8.2004257E-01   1.9331616E-01  -3.4616969E-01   5.0023185E-01   2.7322116E-01  -9.0453209E-01  -9.0992799E-01   9.1236300E-02  -1.8206246E-02   4.2312578E-02  -2.3212293E-01   2.7694306E-02  -6.2575823E-02  -1.7040346E-01
  8.6127044E-01   3.8025370E-01   8.3201164E-01   3.5289109E-02   3.2320523E-02   1.2235380E-01   1.0766887E-01   1.6768708E-02  -3.5518953E-02   6.4689968E-01  -5.2369523E-02   5.2369523E-02   5.1840224E-01   5.6277504E-01   8.5517246E-02   8.3973403E-02   8.4867960E-02  -2.5833360E-03  -8.4103553E-01   1.1435967E-01   1.7825576E-01   1.1925281E-01   1.0000000E+00   9.3438552E-01   9.0246600E-01   9.0246996E-01  -9.4078221E-01  -8.5907659E-01  -8.2991102E-01  -7.0367530E-01   8.2281483E-01  -7.8572750E-01   9.0155613E-01  -7.7251626E-01   8.2479440E-01  -8.2686432E-01   5.1840224E-01   5.1857307E-01  -3.8373484E-01  -4.3352853E-01   1.5784846E-01   7.4988177E-01  -7.5595422E-01   1.6885598E-01   4.7766753E-02   9.2321907E-02   1.9244302E-01   7.2958066E-02  -2.7539791E-02  -1.0607939E-01  -5.4068182E-03   9.5281524E-02  -9.8303036E-02
  9.3136817E-01   4.7577305E-01   8.9356697E-01   4.3787142E-02   8.3364197E-03   1.3819082E-01   8.6182189E-02   1.0259120E-02  -3.0298804E-02   7.2935213E-01  -1.0302742E-01   1.0302742E-01   6.2047963E-01   6.7343516E-01   1.4660706E-01   1.4601704E-01   1.4661999E-01   5.0192031E-02  -8.5094177E-01   7.4820702E-02   1.4547102E-01  -6.0981773E-02   9.3438552E-01   1.0000000E+00   9.4222588E-01   9.4222662E-01  -9.4082133E-01  -9.4412459E-01  -8.2986533E-01  -7.9334096E-01   8.8367363E-01  -8.7116951E-01   9.5828419E-01  -8.5288626E-01   9.1127304E-01  -8.3564245E-01   6.2047963E-01   6.2063600E-01  -4.5332364E-01  -5.0257329E-01   1.6317313E-01   8.4490286E-01  -8.3090190E-01   1.8801234E-01   1.0170159E-01   1.5406225E-01   1.9567283E-01   7.3557984E-02  -2.6764270E-02  -1.1180969E-01  -5.7483070E-03   1.1722708E-01  -1.0290650E-01
  9.9396134E-01   3.0923429E-01   7.3808238E-01   7.5835692E-02   1.6087999E-02   2.3838359E-01   8.3526990E-02   1.8373397E-02  -3.1217955E-02   6.5778680E-01   4.5870860E-02  -4.5870860E-02   4.7807148E-01   5.4477685E-01  -1.9655549E-03  -1.0596363E-02  -6.5655242E-03  -9.9810168E-02  -9.6733087E-01   2.3089443E-01   3.4168086E-01   5.0289386E-02   9.0246600E-01   9.4222588E-01   1.0000000E+00   1.0000000E+00  -9.8950224E-01  -8.6099089E-01  -9.4513073E-01  -6.9801151E-01   7.2242483E-01  -7.5580490E-01   9.9112450E-01  -7.7923038E-01   8.6465288E-01  -9.4104953E-01   4.7807151E-01   4.7823456E-01  -3.1428567E-01  -3.7164042E-01   1.8229839E-01   8.0095154E-01  -7.5597650E-01   2.4462678E-01  -5.0086585E-02   7.9338255E-03   2.1707144E-01   8.4033849E-02  -2.6036131E-02  -1.5857178E-01   1.2314286E-02   1.6618581E-01  -1.3524968E-01
  9.9395999E-01   3.0923685E-01   7.3808262E-01   7.5833702E-02   1.6089941E-02   2.3838008E-01   8.3523124E-02   1.8372910E-02  -3.1217283E-02   6.5778819E-01   4.5868602E-02  -4.5868602E-02   4.7807359E-01   5.4477852E-01  -1.9621757E-03  -1.0592974E-02  -6.5621329E-03  -9.9806711E-02  -9.6733055E-01   2.3089108E-01   3.4167720E-01   5.0290341E-02   9.0246996E-01   9.4222662E-01   1.0000000E+00   1.0000000E+00  -9.8950401E-01  -8.6099185E-01  -9.4513033E-01  -6.9801330E-01   7.2242512E-01  -7.5580660E-01   9.9112458E-01  -7.7923212E-01   8.6465388E-01  -9.4105113E-01   4.7807363E-01   4.7823668E-01  -3.1428875E-01  -3.7164347E-01   1.8229855E-01   8.0095211E-01  -7.5597845E-01   2.4462535E-01  -5.0083111E-02   7.9371785E-03   2.1707234E-01   8.4033415E-02  -2.6036933E-02  -1.5857059E-01   1.2313560E-02   1.6618595E-01  -1.3524929E-01
 -9.6858548E-01  -3.3935728E-01  -7.3697566E-01  -5.0721238E-02  -3.0658343E-02  -1.9121128E-01  -4.6454489E-02  -1.8709260E-02   3.0420190E-02  -6.7071648E-01  -1.6561711E-02   1.6561711E-02  -5.0112521E-01  -5.6169465E-01  -4.0395141E-02  -3.1820815E-02  -3.5916305E-02   5.5438689E-02   9.5156602E-01  -1.8499239E-01  -2.9122306E-01  -5.9177876E-02  -9.4078221E-01  -9.4082133E-01  -9.8950224E-01  -9.8950401E-01   1.0000000E+00   8.6522046E-01   9.2887354E-01   7.1522392E-01  -7.2197941E-01   7.7187655E-01  -9.8266828E-01   7.9466704E-01  -8.6946993E-01   9.4889166E-01  -5.0112524E-01  -5.0128837E-01   3.5201183E-01   4.0848362E-01  -1.6918950E-01  -7.9549849E-01   7.7207347E-01  -2.1679596E-01   4.9243787E-03  -4.9676168E-02  -2.1166768E-01  -8.4614702E-02   3.1905016E-02   1.4004150E-01  -9.9771394E-03  -1.5369714E-01   1.2278551E-01
 -8.5036723E-01  -7.0420068E-01  -8.1074052E-01   8.2296082E-03   8.0942256E-03  -1.6607316E-02   1.5982858E-01  -5.1762366E-03   1.2711617E-02  -8.4781935E-01   2.9138336E-01  -2.9138336E-01  -8.1674317E-01  -8.5331237E-01  -4.3177774E-01  -4.2611072E-01  -4.2981766E-01  -3.4267469E-01   7.1800370E-01   2.2417934E-01   1.3470639E-01   3.4143311E-01  -8.5907659E-01  -9.4412459E-01  -8.6099089E-01  -8.6099185E-01   8.6522046E-01   1.0000000E+00   6.6335149E-01   9.3258839E-01  -8.0115492E-01   9.7168276E-01  -9.1472671E-01   9.6082207E-01  -9.7657652E-01   8.1601219E-01  -8.1674319E-01  -8.1680680E-01   6.9392237E-01   7.3278157E-01  -1.8041458E-01  -9.2338321E-01   9.5015407E-01  -1.2068476E-01  -3.7897454E-01  -4.4071819E-01  -1.6814784E-01  -4.8423856E-02  -1.0504333E-02   5.9360654E-02   6.2229170E-02  -1.4417979E-01   6.4129104E-02
 -9.4224189E-01   1.5042836E-02  -6.5621817E-01  -1.3358497E-01  -2.4538108E-02  -3.9841516E-01  -2.9933056E-01  -2.3730143E-02   4.8470896E-02  -4.3514156E-01  -2.8927982E-01   2.8927982E-01  -1.6737329E-01  -2.4781478E-01   3.1728253E-01   3.2840506E-01   3.2396964E-01   4.0852561E-01   9.9250804E-01  -5.2148696E-01  -6.2131873E-01  -3.5351854E-01  -8.2991102E-01  -8.2986533E-01  -9.4513073E-01  -9.4513033E-01   9.2887354E-01   6.6335149E-01   1.0000000E+00   4.2745964E-01  -6.4080450E-01   5.0770351E-01  -8.9378663E-01   5.3373486E-01  -6.5432578E-01   8.5133814E-01  -1.6737332E-01  -1.6755327E-01  -6.1711761E-03   5.4940446E-02  -2.3219042E-01  -6.2217631E-01   5.1989581E-01  -3.2762101E-01   3.6100678E-01   3.0683005E-01  -2.3159387E-01  -7.3425626E-02   1.1698393E-02   2.3289311E-01  -2.5632927E-02  -1.4733029E-01   1.8825885E-01
 -6.8042882E-01  -8.9514440E-01  -6.0652334E-01   9.5643094E-02   2.5054631E-05   2.2366187E-01   4.3157978E-01   1.4662955E-03  -1.9167277E-02  -8.7344693E-01   5.0959964E-01  -5.0959964E-01  -9.6112785E-01  -9.6830743E-01  -7.0034772E-01  -6.9975619E-01  -7.0172252E-01  -6.2961822E-01   5.0536291E-01   5.1666233E-01   4.2884838E-01   6.1820609E-01  -7.0367530E-01  -7.9334096E-01  -6.9801151E-01  -6.9801330E-01   7.1522392E-01   9.3258839E-01   4.2745964E-01   1.0000000E+00  -5.9716621E-01   9.8455331E-01  -7.8538814E-01   9.9256468E-01  -9.6219558E-01   7.4905207E-01  -9.6112787E-01  -9.6117828E-01   8.9393486E-01   9.1872989E-01   1.1118719E-03  -8.5449976E-01   9.5991458E-01   4.5115547E-02  -6.6273755E-01  -7.0498926E-01  -9.4072834E-02  -7.0437238E-02   4.7273676E-02  -7.0815610E-02   2.3443211E-02  -1.3151428E-01  -3.6753251E-02
  7.1715068E-01   3.5183198E-01   9.9973250E-01   7.0498260E-02  -1.6700495E-02   1.5510813E-01   3.1256975E-01   9.0461208E-03  -5.4223116E-02   5.4755510E-01  -7.1357181E-02   7.1357181E-02   4.6430869E-01   5.0596894E-01   2.5656659E-02   3.6460668E-02   3.1403569E-02  -5.3824576E-02  -6.2641278E-01   1.4270071E-01   1.3451820E-01   8.1910469E-02   8.2281483E-01   8.8367363E-01   7.2242483E-01   7.2242512E-01  -7.2197941E-01  -8.0115492E-01  -6.4080450E-01  -5.9716621E-01   1.0000000E+00  -7.2798532E-01   7.3454767E-01  -6.4458605E-01   6.9083794E-01  -4.9639761E-01   4.6430865E-01   4.6445440E-01  -2.9321613E-01  -3.3076191E-01   1.7547684E-01   6.6343881E-01  -6.3586626E-01   1.7860737E-01  -5.3360618E-03   2.8925667E-02   1.7166174E-01   4.2381756E-02   1.5594250E-03  -1.0075935E-01  -2.0482491E-02   2.8101500E-02  -8.8881801E-02
 -7.3851143E-01  -8.4010859E-01  -7.3596390E-01   6.6709274E-02   2.6819136E-03   1.5771709E-01   3.0123230E-01  -1.0065847E-03  -4.2059503E-03  -8.6552387E-01   4.4987033E-01  -4.4987033E-01  -9.2126320E-01  -9.3629484E-01  -6.0302842E-01  -6.0479527E-01  -6.0540955E-01  -5.2527683E-01   5.7100824E-01   4.0940263E-01   3.3584699E-01   5.0512351E-01  -7.8572750E-01  -8.7116951E-01  -7.5580490E-01  -7.5580660E-01   7.7187655E-01   9.7168276E-01   5.0770351E-01   9.8455331E-01  -7.2798532E-01   1.0000000E+00  -8.3263127E-01   9.8905266E-01  -9.7302533E-01   7.5148041E-01  -9.2126321E-01  -9.2133896E-01   8.2750428E-01   8.5707288E-01  -3.7578840E-02  -8.7446847E-01   9.5935056E-01  -2.4530047E-04  -5.6421409E-01  -6.0771864E-01  -1.1858104E-01  -6.9761817E-02   4.0248980E-02  -3.8691954E-02   2.4466270E-02  -1.1879855E-01  -1.2104564E-02
  9.8510942E-01   4.2993202E-01   7.4980201E-01   5.0620382E-02   1.0935639E-02   1.6891641E-01  -4.9623513E-03   1.5656492E-02  -2.4715755E-02   7.2778604E-01  -5.2389014E-02   5.2389014E-02   5.8830708E-01   6.4782196E-01   1.2419865E-01   1.1668784E-01   1.2050018E-01   2.6596067E-02  -9.2726630E-01   1.0760324E-01   2.1957829E-01  -7.4631602E-02   9.0155613E-01   9.5828419E-01   9.9112450E-01   9.9112458E-01  -9.8266828E-01  -9.1472671E-01  -8.9378663E-01  -7.8538814E-01   7.3454767E-01  -8.3263127E-01   1.0000000E+00  -8.5394612E-01   9.2274030E-01  -9.4676624E-01   5.8830712E-01   5.8845725E-01  -4.3305636E-01  -4.8711831E-01   1.5790606E-01   8.4919380E-01  -8.2776699E-01   2.0492623E-01   7.5575855E-02   1.3361679E-01   2.0548681E-01   8.5135412E-02  -2.9587210E-02  -1.2407770E-01   6.5009946E-03   1.6991138E-01  -1.0947764E-01
 -7.6132746E-01  -8.3517828E-01  -6.5536811E-01   7.2352219E-02  -3.8608225E-03   1.5797582E-01   3.6516077E-01  -1.9966231E-03  -1.1061768E-02  -8.7486287E-01   4.3858579E-01  -4.3858579E-01  -9.2108138E-01  -9.3812602E-01  -6.1327194E-01  -6.1129686E-01  -6.1369905E-01  -5.3508076E-01   6.0541100E-01   4.1430912E-01   3.1915695E-01   5.2799885E-01  -7.7251626E-01  -8.5288626E-01  -7.7923038E-01  -7.7923212E-01   7.9466704E-01   9.6082207E-01   5.3373486E-01   9.9256468E-01  -6.4458605E-01   9.8905266E-01  -8.5394612E-01   1.0000000E+00  -9.8708441E-01   8.1531254E-01  -9.2108140E-01  -9.2115380E-01   8.3611216E-01   8.6754214E-01  -2.9225365E-02  -8.8137784E-01   9.6762111E-01  -3.3552789E-04  -5.7253313E-01  -6.1894970E-01  -1.1915106E-01  -7.6031109E-02   4.6066183E-02  -3.6401007E-02   1.8382096E-02  -1.4232896E-01  -1.0251962E-02
  8.5232507E-01   7.4414708E-01   7.0328394E-01  -3.8897084E-02   8.6289887E-03  -6.7672027E-02  -2.6730877E-01   5.8598975E-03   3.5684867E-03   8.5984245E-01  -3.3795103E-01   3.3795103E-01   8.5416758E-01   8.8561582E-01   4.8781184E-01   4.8427851E-01   4.8710383E-01   4.0078729E-01  -7.1693370E-01  -2.7119513E-01  -1.6897547E-01  -4.1998306E-01   8.2479440E-01   9.1127304E-01   8.6465288E-01   8.6465388E-01  -8.6946993E-01  -9.7657652E-01  -6.5432578E-01  -9.6219558E-01   6.9083794E-01  -9.7302533E-01   9.2274030E-01  -9.8708441E-01   1.0000000E+00  -8.7553278E-01   8.5416760E-01   8.5426418E-01  -7.4097651E-01  -7.7974555E-01   6.7645952E-02   9.0060102E-01  -9.5546997E-01   6.0147783E-02   4.4336275E-01   4.9480272E-01   1.4535419E-01   8.0684773E-02  -4.4379565E-02  -1.2147547E-02  -1.2222183E-02   1.5270112E-01  -2.7690832E-02
 -9.2143945E-01  -4.1179359E-01  -5.1547344E-01  -1.2206749E-02  -3.7073282E-02  -1.1322005E-01   1.6567951E-01  -1.5585868E-02   4.7999401E-03  -6.9529284E-01   5.3057645E-02  -5.3057645E-02  -5.5923228E-01  -6.1223386E-01  -1.7484509E-01  -1.6020079E-01  -1.6749371E-01  -8.6714824E-02   9.0029463E-01  -4.3127383E-02  -1.8601949E-01   1.1134939E-01  -8.2686432E-01  -8.3564245E-01  -9.4104953E-01  -9.4105113E-01   9.4889166E-01   8.1601219E-01   8.5133814E-01   7.4905207E-01  -4.9639761E-01   7.5148041E-01  -9.4676624E-01   8.1531254E-01  -8.7553278E-01   1.0000000E+00  -5.5923234E-01  -5.5936174E-01   4.4831708E-01   5.0025055E-01  -1.1771441E-01  -7.8612633E-01   7.8685555E-01  -1.6406644E-01  -1.2815628E-01  -1.8510045E-01  -1.8206933E-01  -9.0384208E-02   4.4429459E-02   1.0477998E-01  -1.5339202E-02  -1.9155261E-01   9.5943002E-02
  4.5962737E-01   9.8287370E-01   4.6973488E-01  -1.4854055E-01   2.8897836E-03  -3.7697807E-01  -5.5910936E-01  -7.3970034E-03   3.8724173E-02   8.2198502E-01  -6.4187773E-01   6.4187773E-01   1.0000000E+00   9.8486822E-01   8.5678916E-01   8.6042901E-01   8.6077649E-01   8.0597975E-01  -2.5253746E-01  -7.1308307E-01  -6.5150789E-01  -7.7938244E-01   5.1840224E-01   6.2047963E-01   4.7807151E-01   4.7807363E-01  -5.0112524E-01  -8.1674319E-01  -1.6737332E-01  -9.6112787E-01   4.6430865E-01  -9.2126321E-01   5.8830712E-01  -9.2108140E-01   8.5416760E-01  -5.5923234E-01   1.0000000E+00   9.9999941E-01  -9.7164387E-01  -9.8037118E-01  -7.6475729E-02   7.4204183E-01  -8.8940094E-01  -1.5515622E-01   8.3063078E-01   8.5837306E-01   2.8685416E-02   5.6658455E-02  -5.4664219E-02   1.4840411E-01  -3.3474392E-02   9.0014470E-02   9.4954498E-02
  4.5978653E-01   9.8284003E-01   4.6988313E-01  -1.4851720E-01   2.9088065E-03  -3.7709047E-01  -5.5903504E-01  -7.3958569E-03   3.8761710E-02   8.2205359E-01  -6.4178134E-01   6.4178134E-01   9.9999941E-01   9.8488778E-01   8.5665687E-01   8.6030294E-01   8.6064708E-01   8.0582511E-01  -2.5269191E-01  -7.1284593E-01  -6.5134973E-01  -7.7925227E-01   5.1857307E-01   6.2063600E-01   4.7823456E-01   4.7823668E-01  -5.0128837E-01  -8.1680680E-01  -1.6755327E-01  -9.6117828E-01   4.6445440E-01  -9.2133896E-01   5.8845725E-01  -9.2115380E-01   8.5426418E-01  -5.5936174E-01   9.9999941E-01   1.0000000E+00  -9.7159383E-01  -9.8033390E-01  -7.6578884E-02   7.4203172E-01  -8.8946860E-01  -1.5530976E-01   8.3052543E-01   8.5823666E-01   2.8618757E-02   5.6647618E-02  -5.4643424E-02   1.4855070E-01  -3.3511229E-02   9.0144505E-02   9.5073780E-02
 -2.8785474E-01  -9.8794113E-01  -2.9727356E-01   1.8280739E-01   6.0756231E-03   4.3704259E-01   6.5692883E-01   1.4495466E-02  -4.6769259E-02  -7.5223575E-01   6.9727030E-01  -6.9727030E-01  -9.7164386E-01  -9.3856076E-01  -9.3906304E-01  -9.4013417E-01  -9.4192240E-01  -9.0734447E-01   8.8989190E-02   8.4297722E-01   7.8033873E-01   8.4239046E-01  -3.8373484E-01  -4.5332364E-01  -3.1428567E-01  -3.1428875E-01   3.5201183E-01   6.9392237E-01  -6.1711761E-03   8.9393486E-01  -2.9321613E-01   8.2750428E-01  -4.3305636E-01   8.3611216E-01  -7.4097651E-01   4.4831708E-01  -9.7164387E-01  -9.7159383E-01   1.0000000E+00   9.9809123E-01   1.0949981E-01  -6.3815690E-01   8.0732067E-01   2.0423746E-01  -9.1616303E-01  -9.4002734E-01   5.6113507E-03  -4.2528993E-02   4.6674317E-02  -1.8438597E-01   3.5202208E-02  -8.3430502E-02  -1.2720412E-01
 -3.4499393E-01  -9.8549511E-01  -3.3578934E-01   1.7418186E-01   4.3213855E-03   4.1427802E-01   6.4027746E-01   1.2648974E-02  -4.3628444E-02  -7.7730863E-01   6.7901362E-01  -6.7901362E-01  -9.8037117E-01  -9.5211394E-01  -9.1844897E-01  -9.1900902E-01  -9.2098439E-01  -8.8125383E-01   1.4938667E-01   8.0935788E-01   7.4093025E-01   8.2004257E-01  -4.3352853E-01  -5.0257329E-01  -3.7164042E-01  -3.7164347E-01   4.0848362E-01   7.3278157E-01   5.4940446E-02   9.1872989E-01  -3.3076191E-01   8.5707288E-01  -4.8711831E-01   8.6754214E-01  -7.7974555E-01   5.0025055E-01  -9.8037118E-01  -9.8033390E-01   9.9809123E-01   1.0000000E+00   9.7008630E-02  -6.7416052E-01   8.3773586E-01   1.8559792E-01  -8.9332348E-01  -9.1996524E-01  -8.3193783E-03  -4.7605421E-02   4.7906960E-02  -1.7166260E-01   3.3306286E-02  -9.2473147E-02  -1.1691269E-01
  1.8961595E-01  -1.2180424E-01   1.7706283E-01  -1.2316844E-02   3.6820705E-01   2.5993431E-01  -1.0957388E-04   2.8578846E-02  -3.3637592E-02   1.4232987E-01   3.1936073E-01  -3.1936073E-01  -7.6475809E-02  -1.6798724E-02  -1.3903155E-01  -1.8393369E-01  -1.6312846E-01  -1.7044275E-01  -2.4794055E-01   1.7452183E-01   2.2455410E-01   1.9331616E-01   1.5784846E-01   1.6317313E-01   1.8229839E-01   1.8229855E-01  -1.6918950E-01  -1.8041458E-01  -2.3219042E-01   1.1118719E-03   1.7547684E-01  -3.7578840E-02   1.5790606E-01  -2.9225365E-02   6.7645952E-02  -1.1771441E-01  -7.6475729E-02  -7.6578884E-02   1.0949981E-01   9.7008630E-02   1.0000000E+00   3.9310832E-01  -2.2955782E-01   3.7539300E-01  -2.2493991E-01  -1.1187493E-01   1.3945259E-01  -1.6979197E-01   2.3964170E-01  -3.6508824E-01  -4.8936879E-01   1.6538323E-01  -3.8895294E-01
  7.9735114E-01   6.3465500E-01   6.7443278E-01  -1.1752703E-01   2.1177683E-01   1.5855677E-01  -2.7169527E-01   1.3930130E-02  -7.4976931E-03   7.5555375E-01  -2.8506708E-01   2.8506708E-01   7.4204181E-01   7.7107140E-01   4.0192568E-01   3.9711762E-01   4.0040001E-01   3.2462182E-01  -6.9068037E-01  -2.2039966E-01  -1.0723778E-01  -3.4616969E-01   7.4988177E-01   8.4490286E-01   8.0095154E-01   8.0095211E-01  -7.9549849E-01  -9.2338321E-01  -6.2217631E-01  -8.5449976E-01   6.6343881E-01  -8.7446847E-01   8.4919380E-01  -8.8137784E-01   9.0060102E-01  -7.8612633E-01   7.4204183E-01   7.4203172E-01  -6.3815690E-01  -6.7416052E-01   3.9310832E-01   1.0000000E+00  -8.8254361E-01   4.0792472E-01   3.1091215E-01   4.1479546E-01   2.5417668E-01   1.0703804E-01  -1.5676059E-01  -2.9743256E-01   1.5419881E-02   2.3499962E-01  -3.0463639E-01
 -7.3796471E-01  -8.0586668E-01  -6.4603456E-01   4.4433009E-02  -3.8695915E-02   2.0368452E-01   3.7467209E-01  -6.2862667E-03  -6.8739895E-03  -9.0173645E-01   3.4732084E-01  -3.4732084E-01  -8.8940089E-01  -9.2263192E-01  -6.0443427E-01  -5.8664994E-01  -5.9644395E-01  -5.2134322E-01   5.9203236E-01   4.0225787E-01   3.0725934E-01   5.0023185E-01  -7.5595422E-01  -8.3090190E-01  -7.5597650E-01  -7.5597845E-01   7.7207347E-01   9.5015407E-01   5.1989581E-01   9.5991458E-01  -6.3586626E-01   9.5935056E-01  -8.2776699E-01   9.6762111E-01  -9.5546997E-01   7.8685555E-01  -8.8940094E-01  -8.8946860E-01   8.0732067E-01   8.3773586E-01  -2.2955782E-01  -8.8254361E-01   1.0000000E+00   6.4887192E-02  -5.6033222E-01  -6.1644838E-01  -8.9785649E-02   1.6207451E-02  -1.1138321E-01  -6.1322968E-02   2.2899453E-01  -1.4476232E-01  -1.8259611E-02
  2.6080681E-01  -2.2141294E-01   1.8223859E-01  -1.7109000E-01   3.7385881E-01   7.3629101E-01   1.4852531E-01   1.7823275E-02  -3.3786606E-02  -1.4928274E-01   6.3536509E-02  -6.3536509E-02  -1.5515618E-01  -1.6271463E-01  -3.1950001E-01  -2.9455848E-01  -3.0689200E-01  -3.2076522E-01  -3.3257064E-01   3.0772422E-01   3.6588411E-01   2.7322116E-01   1.6885598E-01   1.8801234E-01   2.4462678E-01   2.4462535E-01  -2.1679596E-01  -1.2068476E-01  -3.2762101E-01   4.5115547E-02   1.7860737E-01  -2.4530047E-04   2.0492623E-01  -3.3552789E-04   6.0147783E-02  -1.6406644E-01  -1.5515622E-01  -1.5530976E-01   2.0423746E-01   1.8559792E-01   3.7539300E-01   4.0792472E-01   6.4887192E-02   1.0000000E+00  -4.2678880E-01  -3.1603121E-01   3.7691352E-01   2.7048236E-01  -5.6163209E-01  -7.5628894E-01   4.9731149E-01   2.1909423E-01  -6.8466272E-01
 -7.7684002E-02   9.1174262E-01  -6.1599174E-03  -2.3834556E-01  -4.6788128E-02  -6.2600270E-01  -7.4520614E-01  -1.3523988E-02   7.5183448E-02   5.7671903E-01  -6.8004401E-01   6.8004401E-01   8.3063077E-01   7.8591610E-01   9.9136926E-01   9.8430240E-01   9.9000360E-01   9.8815599E-01   2.7296021E-01  -9.5592796E-01  -9.3502033E-01  -9.0453209E-01   4.7766753E-02   1.0170159E-01  -5.0086585E-02  -5.0083111E-02   4.9243787E-03  -3.7897454E-01   3.6100678E-01  -6.6273755E-01  -5.3360618E-03  -5.6421409E-01   7.5575855E-02  -5.7253313E-01   4.4336275E-01  -1.2815628E-01   8.3063078E-01   8.3052543E-01  -9.1616303E-01  -8.9332348E-01  -2.2493991E-01   3.1091215E-01  -5.6033222E-01  -4.2678880E-01   1.0000000E+00   9.8864994E-01  -1.3598061E-01  -3.4333480E-02   4.5494932E-02   3.4031613E-01  -1.0704387E-01   4.0890193E-03   2.6772053E-01
 -1.7801927E-02   9.2923025E-01   2.9221559E-02  -2.7063833E-01   4.4959803E-03  -5.4646850E-01  -7.6332771E-01  -1.0394715E-02   7.4533394E-02   6.2446441E-01  -6.6656551E-01   6.6656551E-01   8.5837305E-01   8.1988114E-01   9.9950340E-01   9.8727805E-01   9.9544874E-01   9.9053544E-01   2.1010896E-01  -9.5734516E-01  -9.1832626E-01  -9.0992799E-01   9.2321907E-02   1.5406225E-01   7.9338255E-03   7.9371785E-03  -4.9676168E-02  -4.4071819E-01   3.0683005E-01  -7.0498926E-01   2.8925667E-02  -6.0771864E-01   1.3361679E-01  -6.1894970E-01   4.9480272E-01  -1.8510045E-01   8.5837306E-01   8.5823666E-01  -9.4002734E-01  -9.1996524E-01  -1.1187493E-01   4.1479546E-01  -6.1644838E-01  -3.1603121E-01   9.8864994E-01   1.0000000E+00  -9.5259271E-02  -3.1721102E-02   2.8371292E-02   2.4833201E-01  -1.0864704E-01   4.6461808E-02   1.8237685E-01
  2.1945759E-01  -1.4606813E-02   1.7460058E-01   3.0679883E-03   1.7354296E-01   2.2434727E-01   4.3057116E-02  -5.4113765E-03   7.6998708E-03  -1.4005222E-03  -6.5177365E-02   6.5177365E-02   2.8685313E-02   1.6766760E-02  -9.6579691E-02  -7.4864333E-02  -8.5371896E-02  -1.0272167E-01  -2.3650416E-01   1.1223417E-01   1.4778826E-01   9.1236300E-02   1.9244302E-01   1.9567283E-01   2.1707144E-01   2.1707234E-01  -2.1166768E-01  -1.6814784E-01  -2.3159387E-01  -9.4072834E-02   1.7166174E-01  -1.1858104E-01   2.0548681E-01  -1.1915106E-01   1.4535419E-01  -1.8206933E-01   2.8685416E-02   2.8618757E-02   5.6113507E-03  -8.3193783E-03   1.3945259E-01   2.5417668E-01  -8.9785649E-02   3.7691352E-01  -1.3598061E-01  -9.5259271E-02   1.0000000E+00   3.0731440E-01  -2.3886379E-01  -2.4423084E-01   2.1161922E-01   2.1614090E-01  -2.1302037E-01
